101 0.0158102414816294
101.0625 0.0158895397621835
101.125 0.015969435785973
101.1875 0.0160499355722018
101.25 0.0161310452159849
101.3125 0.0162127708895004
101.375 0.0162951188431602
101.4375 0.0163780954068029
101.5 0.0164617069909067
101.5625 0.016545960087825
101.625 0.0166308612730436
101.6875 0.0167164172064606
101.75 0.016802634633689
101.8125 0.0168895203873835
101.875 0.0169770813885906
101.9375 0.0170653246481236
102 0.0171542572679627
102.0625 0.0172438864426799
102.125 0.0173342194608909
102.1875 0.0174252637067328
102.25 0.0175170266613698
102.3125 0.0176095159045256
102.375 0.017702739116045
102.4375 0.0177967040774836
102.5 0.0178914186737283
102.5625 0.0179868908946462
102.625 0.0180831288367659
102.6875 0.0181801407049892
102.75 0.0182779348143353
102.8125 0.0183765195917183
102.875 0.0184759035777569
102.9375 0.01857609542862
103 0.0186771039179059
103.0625 0.0187789379385582
103.125 0.0188816065048175
103.1875 0.018985118754211
103.25 0.0190894839495802
103.3125 0.0191947114811468
103.375 0.0193008108686197
103.4375 0.0194077917633416
103.5 0.0195156639504779
103.5625 0.0196244373512477
103.625 0.0197341220251988
103.6875 0.0198447281725265
103.75 0.0199562661364386
103.8125 0.0200687464055662
103.875 0.0201821796164225
103.9375 0.0202965765559097
104 0.0204119481638765
104.0625 0.0205283055357251
104.125 0.0206456599250716
104.1875 0.0207640227464582
104.25 0.0208834055781211
104.3125 0.0210038201648129
104.375 0.0211252784206827
104.4375 0.0212477924322139
104.5 0.021371374461222
104.5625 0.021496036947913
104.625 0.0216217925140045
104.6875 0.0217486539659104
104.75 0.0218766342979908
104.8125 0.0220057466958695
104.875 0.0221360045398186
104.9375 0.022267421408215
105 0.0224000110810665
105.0625 0.0225337875436133
105.125 0.0226687649900031
105.1875 0.0228049578270445
105.25 0.022942380678038
105.3125 0.0230810483866887
105.375 0.0232209760211008
105.4375 0.0233621788778577
105.5 0.0235046724861881
105.5625 0.0236484726122209
105.625 0.0237935952633319
105.6875 0.0239400566925825
105.75 0.0240878734032551
105.8125 0.0242370621534858
105.875 0.0243876399609969
105.9375 0.0245396241079336
106 0.0246930321458043
106.0625 0.02484788190053
106.125 0.0250041914776044
106.1875 0.0251619792673665
106.25 0.0253212639503905
106.3125 0.0254820645029942
106.375 0.0256444002028703
106.4375 0.0258082906348426
106.5 0.0259737556967505
106.5625 0.0261408156054665
106.625 0.0263094909030473
106.6875 0.026479802463025
106.75 0.02665177149684
106.8125 0.0268254195604197
106.875 0.0270007685609073
106.9375 0.0271778407635441
107 0.0273566587987099
107.0625 0.0275372456691244
107.125 0.0277196247572156
107.1875 0.0279038198326578
107.25 0.0280898550600858
107.3125 0.0282777550069875
107.375 0.0284675446517814
107.4375 0.028659249392084
107.5 0.028852895053171
107.5625 0.0290485078966385
107.625 0.0292461146292691
107.6875 0.0294457424121092
107.75 0.0296474188697621
107.8125 0.0298511720999034
107.875 0.0300570306830259
107.9375 0.0302650236924173
108 0.0304751807043812
108.0625 0.0306875318087041
108.125 0.0309021076193781
108.1875 0.0311189392855856
108.25 0.0313380585029521
108.3125 0.0315594975250772
108.375 0.0317832891753487
108.4375 0.0320094668590499
108.5 0.0322380645757679
108.5625 0.0324691169321111
108.625 0.0327026591547445
108.6875 0.0329387271037533
108.75 0.0331773572863423
108.8125 0.0334185868708825
108.875 0.033662453701314
108.9375 0.0339089963119157
109 0.0341582539424529
109.0625 0.034410266553713
109.125 0.0346650748434421
109.1875 0.0349227202626929
109.25 0.0351832450325971
109.3125 0.0354466921615737
109.375 0.0357131054629884
109.4375 0.0359825295732749
109.5 0.0362550099705339
109.5625 0.0365305929936238
109.625 0.0368093258617569
109.6875 0.0370912566946184
109.75 0.0373764345330229
109.8125 0.037664909360124
109.875 0.0379567321231964
109.9375 0.0382519547560061
110 0.0385506302017878
110.0625 0.0388528124368479
110.125 0.0391585564948136
110.1875 0.0394679184915468
110.25 0.0397809556507454
110.3125 0.040097726330252
110.375 0.040418290049094
110.4375 0.0407427075152774
110.5 0.0410710406543585
110.5625 0.0414033526388188
110.625 0.0417397079182686
110.6875 0.0420801722505062
110.75 0.0424248127334604
110.8125 0.0427736978380459
110.875 0.0431268974419593
110.9375 0.0434844828644497
111 0.043846526902093
111.0625 0.0442131038656053
111.125 0.0445842896177291
111.1875 0.0449601616122277
111.25 0.045340798934026
111.3125 0.0457262823405357
111.375 0.0461166943042041
111.4375 0.0465121190563305
111.5 0.04691264263219
111.5625 0.047318352917513
111.625 0.0477293396963637
111.6875 0.0481456947004687
111.75 0.048567511660044
111.8125 0.0489948863561736
111.875 0.0494279166747939
111.9375 0.0498667026623392
112 0.0503113465831091
112.0625 0.0507619529784158
112.125 0.051218628727578
112.1875 0.051681483110824
112.25 0.0521506278741759
112.3125 0.0526261772963825
112.375 0.0531082482579795
112.4375 0.0535969603125502
112.5 0.0540924357602699
112.5625 0.0545947997238166
112.625 0.0551041802267356
112.6875 0.0556207082743485
112.75 0.0561445179373023
112.8125 0.056675746437855
112.875 0.057214534239004
112.9375 0.0577610251365605
113 0.0583153663542847
113.0625 0.0588777086421967
113.125 0.0594482063781852
113.1875 0.06002701767304
113.25 0.060614304479042
113.3125 0.0612102327022463
113.375 0.0618149723186051
113.4375 0.0624286974940785
113.5 0.0630515867088916
113.5625 0.0636838228861013
113.625 0.0643255935246436
113.6875 0.064977090837041
113.75 0.0656385118919574
113.8125 0.066310058761794
113.875 0.0669919386755331
113.9375 0.0676843641770414
114 0.068387553289057
114.0625 0.0691017296830945
114.125 0.0698271228555116
114.1875 0.0705639683099941
114.25 0.0713125077467273
114.3125 0.0720729892585337
114.375 0.0728456675342718
114.4375 0.0736308040698035
114.5 0.0744286673868526
114.5625 0.075239533260093
114.625 0.07606368495282
114.6875 0.0769014134615783
114.75 0.0777530177701342
114.8125 0.0786188051132027
114.875 0.0794990912503584
114.9375 0.0803942007505791
115 0.0813044672878978
115.0625 0.0822302339486561
115.125 0.0831718535508847
115.1875 0.084129688976355
115.25 0.0851041135158811
115.3125 0.0860955112284755
115.375 0.0871042773149968
115.4375 0.088130818506957
115.5 0.0891755534711962
115.5625 0.0902389132311624
115.625 0.0913213416055798
115.6875 0.0924232956653265
115.75 0.0935452462093873
115.8125 0.094687678260793
115.875 0.0958510915835093
115.9375 0.0970360012212864
116 0.0982429380595402
116.0625 0.0994724494113899
116.125 0.100725099629043
116.1875 0.102001470741784
116.25 0.103302163121888
116.3125 0.104627796179866
116.375 0.105979009090514
116.4375 0.107356461551329
116.5 0.108760834574959
116.5625 0.110192831317406
116.625 0.11165317794386
116.6875 0.1131426245341
116.75 0.114661946029545
116.8125 0.116211943224139
116.875 0.117793443801399
116.9375 0.119407303420086
117 0.121054406851106
117.0625 0.122735669168412
117.125 0.124452036996842
117.1875 0.126204489820006
117.25 0.127994041351531
117.3125 0.129821740973177
117.375 0.13168867524356
117.4375 0.133595969481432
117.5 0.135544789427766
117.5625 0.137536342991095
117.625 0.139571882080907
117.6875 0.14165270453417
117.75 0.14378015614039
117.8125 0.145955632770977
117.875 0.148180582619067
117.9375 0.150456508556339
118 0.152784970613836
118.0625 0.155167588594239
118.125 0.157606044823563
118.1875 0.160102087050781
118.25 0.162657531504482
118.3125 0.165274266116263
118.375 0.167954253921277
118.4375 0.170699536647054
118.5 0.173512238502506
118.5625 0.176394570179889
118.625 0.179348833083396
118.6875 0.182377423799042
118.75 0.185482838821574
118.8125 0.188667679555297
118.875 0.191934657606937
118.9375 0.19528660039003
119 0.198726457061765
119.0625 0.202257304814808
119.125 0.205882355548339
119.1875 0.209604962944383
119.25 0.213428629977558
119.3125 0.217357016888502
119.375 0.221393949653681
119.4375 0.225543428986791
119.5 0.229809639909849
119.5625 0.234196961935042
119.625 0.23870997990181
119.6875 0.243353495517196
119.75 0.248132539651487
119.8125 0.253052385445458
119.875 0.258118562290244
119.9375 0.263336870745992
120 0.268713398471063
120.0625 0.27425453723969
120.125 0.279967001132704
120.1875 0.28585784599332
120.25 0.291934490247991
120.3125 0.298204737201198
120.375 0.304676798922742
120.4375 0.311359321856707
120.5 0.318261414292969
120.5625 0.325392675854993
120.625 0.332763229171725
120.6875 0.340383753917017
120.75 0.348265523417069
120.8125 0.356420444045316
120.875 0.364861097644941
120.9375 0.373600787242211
121 0.382653586339154
121.0625 0.392034392102126
121.125 0.401758982793778
121.1875 0.411844079830184
121.25 0.422307414882793
121.3125 0.43316780248684
121.375 0.444445218664315
121.4375 0.456160886121147
121.5 0.468337366635348
121.5625 0.480998661316229
121.625 0.49417031948508
121.6875 0.507879557005728
121.75 0.522155384979925
121.8125 0.537028749818664
121.875 0.552532685807161
121.9375 0.568702481399652
122 0.585575860611545
122.0625 0.60319318102216
122.125 0.621597650062812
122.1875 0.640835561443926
122.25 0.66095655377276
122.3125 0.68201389363203
122.375 0.704064785630894
122.4375 0.727170712205191
122.5 0.75139780623506
122.5625 0.776817259866601
122.625 0.803505773271018
122.6875 0.831546047450199
122.75 0.861027325601531
122.8125 0.892045987985025
122.875 0.924706205689232
122.9375 0.959120659162522
123 0.995411327853634
123.0625 1.03371035777529
123.125 1.07416101424594
123.1875 1.11691872744753
123.25 1.16215223871918
123.3125 1.21004485563018
123.375 1.2607958237618
123.4375 1.31462182266799
123.5 1.37175859253676
123.5625 1.43246269644307
123.625 1.49701342051364
123.6875 1.56571481047406
123.75 1.63889783747047
123.8125 1.71692267816502
123.875 1.80018108313015
123.9375 1.88909879252218
124 1.9841379376244
124.0625 2.08579933949439
124.125 2.1946245795871
124.1875 2.31119766931976
124.25 2.43614608301177
124.3125 2.5701408378077
124.375 2.71389520088518
124.4375 2.86816147393401
124.5 3.03372514313306
124.5625 3.21139548612829
124.625 3.40199149466678
124.6875 3.60632170612275
124.75 3.82515625110283
124.8125 4.05918914336704
124.875 4.30898860946127
124.9375 4.57493315663842
125 4.85713122861793
125.0625 5.15532287098124
125.125 5.46876304827061
125.1875 5.79608839295028
125.25 6.13517249276193
125.3125 6.48297951791145
125.375 6.83543198763329
125.4375 7.18731524675198
125.5 7.53224752968302
125.5625 7.86274823311201
125.625 8.17043536217825
125.6875 8.44637310899109
125.75 8.6815703535735
125.8125 8.86760152650906
125.875 8.99728785608845
125.9375 9.06534870411785
126 9.06892028108218
126.0625 9.00785053203253
126.125 8.88471505619635
126.1875 8.70455102000638
126.25 8.47435902623926
126.3125 8.20246130979872
126.375 7.8978189635456
126.4375 7.56940081821087
126.5 7.22566950816004
126.5625 6.87421689091246
126.625 6.52155085948135
126.6875 6.17301429493755
126.75 5.83280583713048
126.8125 5.50406971446134
126.875 5.18902517251627
126.9375 4.8891121851075
127 4.60513692670973
127.0625 4.33740660499325
127.125 4.08584809973769
127.1875 3.85010832515517
127.25 3.6296364886886
127.3125 3.42374972673006
127.375 3.23168422908458
127.4375 3.0526341518609
127.5 2.88578054037287
127.5625 2.73031226460558
127.625 2.58544069180558
127.6875 2.45040953369524
127.75 2.3245010373462
127.8125 2.20703945203253
127.875 2.09739250368822
127.9375 1.9949714431382
128 1.89923010071162
128.0625 1.80966327379742
128.125 1.72580469082118
128.1875 1.64722473076953
128.25 1.5735280280372
128.3125 1.5043510548748
128.375 1.43935974547791
128.4375 1.37824720468956
128.5 1.3207315287242
128.5625 1.26655375395266
128.625 1.21547594159787
128.6875 1.16727940038953
128.75 1.12176304521082
128.8125 1.07874188707723
128.875 1.03804564806758
128.9375 0.999517493814135
129 0.96301287565399
129.0625 0.928398474397266
129.125 0.895551237769802
129.1875 0.864357503855645
129.25 0.8347122032387
129.3125 0.806518132979431
129.375 0.779685296030414
129.4375 0.754130300171845
129.5 0.729775811019618
129.5625 0.706550054114077
129.625 0.684386361530667
129.6875 0.663222758860533
129.75 0.643001588787765
129.8125 0.623669167839951
129.875 0.605175473210276
129.9375 0.587473856843562
130 0.570520784246863
130.0625 0.554275595728966
130.125 0.538700287994219
130.1875 0.523759314216257
130.25 0.509419400898067
130.3125 0.495649379988231
130.375 0.482420034870525
130.4375 0.469703958976956
130.5 0.457475425894086
130.5625 0.445710269940361
130.625 0.434385776289429
130.6875 0.423480579801947
130.75 0.412974571807325
130.8125 0.402848814147918
130.875 0.393085459862265
130.9375 0.383667679941762
131 0.374579595647235
131.0625 0.365806215918921
131.125 0.357333379455775
131.1875 0.349147701078381
131.25 0.341236522024352
131.3125 0.333587863856424
131.375 0.326190385691766
131.4375 0.319033344486683
131.5 0.312106558134073
131.5625 0.305400371152058
131.625 0.298905622761296
131.6875 0.292613617165758
131.75 0.286516095867501
131.8125 0.280605211860225
131.875 0.274873505559396
131.9375 0.269313882338506
132 0.263919591551805
132.0625 0.258684206933626
132.125 0.25360160827333
132.1875 0.248665964273064
132.25 0.243871716502923
132.3125 0.239213564374915
132.375 0.234686451063301
132.4375 0.230285550304572
132.5 0.226006254015497
132.5625 0.221844160672424
132.625 0.21779506439937
132.6875 0.213854944716433
132.75 0.210019956903683
132.8125 0.206286422939098
132.875 0.202650822972136
132.9375 0.199109787297425
133 0.195660088795608
133.0625 0.192298635810816
133.125 0.189022465436423
133.1875 0.185828737182785
133.25 0.182714727002536
133.3125 0.179677821650734
133.375 0.176715513358754
133.4375 0.173825394802299
133.5 0.171005154345245
133.5625 0.168252571542315
133.625 0.165565512884716
133.6875 0.162941927773973
133.75 0.160379844710167
133.8125 0.157877367681728
133.875 0.15543267274476
133.9375 0.153044004780715
134 0.150709674421902
134.0625 0.148428055135078
134.125 0.146197580453921
134.1875 0.144016741351845
134.25 0.141884083747114
134.3125 0.139798206132751
134.375 0.137757757324198
134.4375 0.135761434318118
134.5 0.133807980256174
134.5625 0.131896182487949
134.625 0.130024870727577
134.6875 0.128192915298969
134.75 0.126399225464809
134.8125 0.124642747834828
134.875 0.122922464849088
134.9375 0.121237393332301
135 0.119586583115412
135.0625 0.117969115720917
135.125 0.116384103108586
135.1875 0.114830686478456
135.25 0.113308035128131
135.3125 0.111815345361618
135.375 0.110351839447062
135.4375 0.108916764620904
135.5 0.107509392136124
135.5625 0.106129016352372
135.625 0.104774953865883
135.6875 0.103446542677233
135.75 0.102143141395048
135.8125 0.100864128473936
135.875 0.0996089014849561
135.9375 0.0983768764170657
136 0.0971674870080546
136.0625 0.095980184103555
136.125 0.094814435042797
136.1875 0.0936697230698459
136.25 0.0925455467691236
136.3125 0.0914414195240831
136.375 0.0903568689979575
136.4375 0.0892914366355673
136.5 0.0882446771852179
136.5625 0.0872161582397699
136.625 0.0862054597960116
136.6875 0.0852121738315075
136.75 0.0842359038981377
136.8125 0.0832762647315817
136.875 0.0823328818760395
136.9375 0.0814053913235156
137 0.0804934391670256
137.0625 0.0795966812671174
137.125 0.0787147829311268
137.1875 0.0778474186046174
137.25 0.0769942715744795
137.3125 0.0761550336831893
137.375 0.075329405053753
137.4375 0.0745170938248825
137.5 0.0737178158959714
137.5625 0.0729312946814605
137.625 0.0721572608742016
137.6875 0.0713954522174429
137.75 0.0706456132850845
137.8125 0.06990749526986
137.875 0.0691808557791212
137.9375 0.0684654586379179
138 0.0677610736990752
138.0625 0.0670674766599873
138.125 0.0663844488858586
138.1875 0.0657117772391339
138.25 0.0650492539148732
138.3125 0.064396676281835
138.375 0.0637538467290436
138.4375 0.0631205725176265
138.5 0.0624966656377162
138.5625 0.061881942670219
138.625 0.0612762246532651
138.6875 0.0606793369531579
138.75 0.0600911091396517
138.8125 0.0595113748653933
138.875 0.0589399717493691
138.9375 0.058376741264206
139 0.0578215286271841
139.0625 0.0572741826948191
139.125 0.0567345558608838
139.1875 0.0562025039577416
139.25 0.0556778861608679
139.3125 0.0551605648964446
139.375 0.0546504057519145
139.4375 0.0541472773893875
139.5 0.0536510514617962
139.5625 0.0531616025317019
139.625 0.0526788079926544
139.6875 0.0522025479930167
139.75 0.0517327053621646
139.8125 0.0512691655389789
139.875 0.0508118165025479
139.9375 0.0503605487050038
140 0.0499152550064176
140.0625 0.0494758306116814
140.125 0.0490421730093085
140.1875 0.0486141819120858
140.25 0.0481917591995146
140.3125 0.0477748088619784
140.375 0.0473632369465787
140.4375 0.0469569515045834
140.5 0.0465558625404312
140.5625 0.0461598819622414
140.625 0.0457689235337782
140.6875 0.0453829028278203
140.75 0.0450017371808895
140.8125 0.0446253456492941
140.875 0.0442536489664419
140.9375 0.0438865695013828
141 0.0435240312185402
141.0625 0.0431659596385922
141.125 0.0428122818004653
141.1875 0.0424629262244055
141.25 0.0421178228760907
141.3125 0.041776903131752
141.375 0.0414400997442721
141.4375 0.0411073468102279
141.5 0.040778579737849
141.5625 0.0404537352158636
141.625 0.0401327511832012
141.6875 0.0398155667995289
141.75 0.039502122416592
141.8125 0.0391923595503363
141.875 0.0388862208537865
141.9375 0.0385836500906578
142 0.0382845921096785
142.0625 0.0379889928196012
142.125 0.0376967991648818
142.1875 0.0374079591020068
142.25 0.0371224215764477
142.3125 0.0368401365002252
142.375 0.0365610547300634
142.4375 0.0362851280461183
142.5 0.0360123091312605
142.5625 0.0357425515508995
142.625 0.0354758097333293
142.6875 0.0352120389505839
142.75 0.0349511952997846
142.8125 0.0346932356849669
142.875 0.0344381177993711
142.9375 0.0341858001081855
143 0.0339362418317258
143.0625 0.033689402929042
143.125 0.033445244081937
143.1875 0.0332037266793872
143.25 0.0329648128023533
143.3125 0.0327284652089689
143.375 0.0324946473200984
143.4375 0.0322633232052516
143.5 0.0320344575688467
143.5625 0.0318080157368102
143.625 0.0315839636435059
143.6875 0.031362267818983
143.75 0.0311428953765344
143.8125 0.0309258140005568
143.875 0.0307109919347042
143.9375 0.0304983979703271
144 0.0302880014351886
144.0625 0.0300797721824513
144.125 0.0298736805799261
144.1875 0.0296696974995768
144.25 0.0294677943072734
144.3125 0.029267942852787
144.375 0.0290701154600204
144.4375 0.0288742849174676
144.5 0.0286804244688962
144.5625 0.0284885078042472
144.625 0.0282985090507457
144.6875 0.0281104027642174
144.75 0.0279241639206058
144.8125 0.027739767907684
144.875 0.0275571905169561
144.9375 0.0273764079357447
145 0.0271973967394577
145.0625 0.0270201338840306
145.125 0.0268445966985403
145.1875 0.0266707628779848
145.25 0.0264986104762259
145.3125 0.0263281178990898
145.375 0.0261592638976213
145.4375 0.0259920275614887
145.5 0.0258263883125355
145.5625 0.0256623258984736
145.625 0.0254998203867167
145.6875 0.0253388521583491
145.75 0.0251794019022257
145.8125 0.0250214506092026
145.875 0.0248649795664921
145.9375 0.0247099703521407
146 0.0245564048296266
146.0625 0.0244042651425744
146.125 0.0242535337095821
146.1875 0.024104193219161
146.25 0.0239562266247821
146.3125 0.0238096171400292
146.375 0.0236643482338544
146.4375 0.023520403625935
146.5 0.0233777672821274
146.5625 0.0232364234100177
146.625 0.0230963564545652
146.6875 0.0229575510938377
146.75 0.0228199922348353
146.8125 0.0226836650094012
146.875 0.0225485547702179
146.9375 0.0224146470868859
147 0.0222819277420831
147.0625 0.0221503827278036
147.125 0.0220199982416737
147.1875 0.0218907606833429
147.25 0.0217626566509488
147.3125 0.0216356729376541
147.375 0.0215097965282531
147.4375 0.0213850145958476
147.5 0.0212613144985896
147.5625 0.0211386837764891
147.625 0.0210171101482864
147.6875 0.020896581508387
147.75 0.0207770859238569
147.8125 0.0206586116314784
147.875 0.020541147034864
147.9375 0.0204246807016272
148 0.0203092013606091
148.0625 0.0201946978991598
148.125 0.0200811593604729
148.1875 0.0199685749409721
148.25 0.0198569339877485
148.3125 0.0197462259960484
148.375 0.0196364406068093
148.4375 0.0195275676042434
148.5 0.0194195969134682
148.5625 0.0193125185981822
148.625 0.0192063228583855
148.6875 0.0191010000281437
148.75 0.0189965405733949
148.8125 0.0188929350897977
148.875 0.0187901743006208
148.9375 0.0186882490546721
149 0.0185871503242667
149.0625 0.0184868692032337
149.125 0.0183873969049599
149.1875 0.0182887247604703
149.25 0.0181908442165448
149.3125 0.0180937468338688
149.375 0.0179974242852198
149.4375 0.0179018683536864
149.5 0.0178070709309204
149.5625 0.0177130240154213
149.625 0.0176197197108524
149.6875 0.0175271502243875
149.75 0.0174353078650881
149.8125 0.0173441850423097
149.875 0.0172537742641377
149.9375 0.0171640681358514
150 0.0170750593584155
150.0625 0.0169867407269995
150.125 0.016899105129523
150.1875 0.0168121455452276
150.25 0.0167258550432741
150.3125 0.0166402267813654
150.375 0.0165552540043927
150.4375 0.0164709300431071
150.5 0.0163872483128136
150.5625 0.0163042023120895
150.625 0.0162217856215237
150.6875 0.0161399919024799
150.75 0.0160588148958804
150.8125 0.0159782484210115
150.875 0.0158982863743499
150.9375 0.0158189227284093
151 0.0157401515306073
151.0625 0.0156619669021517
151.125 0.0155843630369465
151.1875 0.0155073342005157
151.25 0.0154308747289473
151.3125 0.0153549790278537
151.375 0.0152796415713512
151.4375 0.0152048569010562
151.5 0.0151306196250987
151.5625 0.0150569244171527
151.625 0.0149837660154828
151.6875 0.0149111392220074
151.75 0.014839038901377
151.8125 0.0147674599800684
151.875 0.0146963974454944
151.9375 0.014625846345128
152 0.0145558017856413
152.0625 0.0144862589320587
152.125 0.0144172130069248
152.1875 0.0143486592894851
152.25 0.0142805931148811
152.3125 0.0142130098733582
152.375 0.0141459050094871
152.4375 0.0140792740213974
152.5 0.0140131124600244
152.5625 0.013947415928368
152.625 0.0138821800807632
152.6875 0.0138174006221636
152.75 0.0137530733074353
152.8125 0.0136891939406631
152.875 0.0136257583744676
152.9375 0.0135627625093332
153 0.0135002022929476
153.0625 0.0134380737195508
153.125 0.0133763728292955
153.1875 0.0133150957076173
153.25 0.013254238484615
153.3125 0.0131937973344408
153.375 0.0131337684747001
153.4375 0.013074148165861
153.5 0.013014932710673
153.5625 0.0129561184535949
153.625 0.0128977017802316
153.6875 0.0128396791167801
153.75 0.0127820469294835
153.8125 0.0127248017240945
153.875 0.0126679400453464
153.9375 0.0126114584764327
154 0.0125553536384949
154.0625 0.0124996221901179
154.125 0.0124442608268338
154.1875 0.0123892662806323
154.25 0.0123346353194802
154.3125 0.0122803647468464
154.375 0.0122264514012359
154.4375 0.0121728921557299
154.5 0.0121196839175333
154.5625 0.0120668236275289
154.625 0.0120143082598385
154.6875 0.0119621348213907
154.75 0.0119103003514954
154.8125 0.0118588019214239
154.875 0.0118076366339965
154.9375 0.0117568016231756
155 0.0117062940536647
155.0625 0.0116561111205143
155.125 0.0116062500487327
155.1875 0.011556708092903
155.25 0.0115074825368063
155.3125 0.0114585706930496
155.375 0.0114099699026995
155.4375 0.011361677534922
155.5 0.0113136909866267
155.5625 0.0112660076821164
155.625 0.0112186250727426
155.6875 0.0111715406365649
155.75 0.0111247518780166
155.8125 0.011078256327574
155.875 0.0110320515414313
155.9375 0.01098613510118
156 0.0109405046134931
156.0625 0.0108951577098135
156.125 0.0108500920460471
156.1875 0.0108053053022607
156.25 0.0107607951823835
156.3125 0.0107165594139134
156.375 0.0106725957476277
156.4375 0.0106289019572971
156.5 0.0105854758394048
156.5625 0.0105423152128687
156.625 0.0104994179187684
156.6875 0.0104567818200753
156.75 0.0104144048013869
156.8125 0.010372284768665
156.875 0.0103304196489772
156.9375 0.0102888073902423
157 0.0102474459609792
157.0625 0.0102063333500596
157.125 0.0101654675664633
157.1875 0.0101248466390381
157.25 0.0100844686162622
157.3125 0.0100443315660102
157.375 0.0100044335753221
157.4375 0.00996477275017602
157.5 0.00992534721526366
157.5625 0.00988615511376879
157.625 0.00984719460714911
157.6875 0.00980846387492085
157.75 0.00976996111444646
157.8125 0.0097316845407251
157.875 0.00969363238618615
157.9375 0.00965580290048535
158 0.00961819435030383
158.0625 0.00958080501914987
158.125 0.00954363320716325
158.1875 0.0095066772309224
158.25 0.009469935423254
158.3125 0.00943340613304527
158.375 0.00939708772505867
158.4375 0.00936097857974921
158.5 0.00932507709308411
158.5625 0.0092893816763649
158.625 0.00925389075605195
158.6875 0.00921860277359123
158.75 0.00918351618524349
158.8125 0.0091486294619156
158.875 0.00911394108899424
158.9375 0.00907944956618167
159 0.00904515340733372
