101 0.0158093450212508
101.0625 0.0158886388084974
101.125 0.015968530305174
101.1875 0.0160490255301448
101.25 0.0161301305781814
101.3125 0.0162118516211139
101.375 0.016294194909002
101.4375 0.0163771667713273
101.5 0.0164607736182068
101.5625 0.0165450219416282
101.625 0.0166299183167066
101.6875 0.0167154694029646
101.75 0.0168016819456354
101.8125 0.0168885627769886
101.875 0.0169761188176808
101.9375 0.0170643570781304
102 0.0171532846599173
102.0625 0.0172429087572084
102.125 0.0173332366582088
102.1875 0.0174242757466398
102.25 0.0175160335032441
102.3125 0.0176085175073187
102.375 0.0177017354382757
102.4375 0.0177956950772329
102.5 0.017890404308633
102.5625 0.0179858711218933
102.625 0.0180821036130865
102.6875 0.0181791099866527
102.75 0.0182768985571431
102.8125 0.0183754777509972
102.875 0.0184748561083533
102.9375 0.0185750422848929
103 0.0186760450537209
103.0625 0.0187778733072802
103.125 0.0188805360593044
103.1875 0.0189840424468067
103.25 0.0190884017321072
103.3125 0.0191936233048997
103.375 0.0192997166843574
103.4375 0.0194066915212804
103.5 0.0195145576002835
103.5625 0.0196233248420282
103.625 0.0197330033054964
103.6875 0.0198436031903101
103.75 0.0199551348390955
103.8125 0.020067608739894
103.875 0.0201810355286209
103.9375 0.0202954259915724
104 0.0204107910679819
104.0625 0.0205271418526285
104.125 0.0206444895984956
104.1875 0.0207628457194842
104.25 0.02088222179318
104.3125 0.0210026295636759
104.375 0.0211240809444515
104.4375 0.0212465880213116
104.5 0.0213701630553828
104.5625 0.0214948184861728
104.625 0.0216205669346903
104.6875 0.0217474212066301
104.75 0.0218753942956229
104.8125 0.0220044993865522
104.875 0.0221347498589394
104.9375 0.0222661592903988
105 0.0223987414601653
105.0625 0.0225325103526942
105.125 0.0226674801613369
105.1875 0.0228036652920936
105.25 0.0229410803674446
105.3125 0.0230797402302623
105.375 0.0232196599478061
105.4375 0.0233608548158014
105.5 0.023503340362606
105.5625 0.0236471323534653
105.625 0.0237922467948573
105.6875 0.0239386999389327
105.75 0.0240865082880488
105.8125 0.0242356885994025
105.875 0.0243862578897629
105.9375 0.0245382334403065
106 0.0246916328015586
106.0625 0.0248464737984419
106.125 0.0250027745354359
106.1875 0.0251605534018498
106.25 0.0253198290772117
106.3125 0.0254806205367772
106.375 0.0256429470571598
106.4375 0.025806828222087
106.5 0.0259722839282849
106.5625 0.0261393343914944
106.625 0.0263080001526231
106.6875 0.0264783020840355
106.75 0.0266502613959853
106.8125 0.0268238996431945
106.875 0.0269992387315812
106.9375 0.027176300925142
107 0.0273551088529915
107.0625 0.0275356855165637
107.125 0.0277180542969796
107.1875 0.0279022389625858
107.25 0.0280882636766666
107.3125 0.0282761530053376
107.375 0.0284659319256223
107.4375 0.0286576258337188
107.5 0.0288512605534609
107.5625 0.0290468623449786
107.625 0.0292444579135637
107.6875 0.0294440744187469
107.75 0.0296457394835898
107.8125 0.0298494812042008
107.875 0.0300553281594781
107.9375 0.0302633094210883
108 0.0304734545636854
108.0625 0.0306857936753785
108.125 0.0309003573684533
108.1875 0.0311171767903559
108.25 0.0313362836349459
108.3125 0.0315577101540259
108.375 0.0317814891691553
108.4375 0.032007654083757
108.5 0.0322362388955252
108.5625 0.0324672782091415
108.625 0.0327008072493102
108.6875 0.032936861874121
108.75 0.0331754785887475
108.8125 0.0334166945594932
108.875 0.0336605476281936
108.9375 0.0339070763269848
109 0.0341563198934506
109.0625 0.0344083182861576
109.125 0.0346631122005903
109.1875 0.0349207430854985
109.25 0.0351812531596687
109.3125 0.0354446854291319
109.375 0.0357110837048209
109.4375 0.0359804926206921
109.5 0.0362529576523224
109.5625 0.0365285251359991
109.625 0.0368072422883155
109.6875 0.0370891572262886
109.75 0.0373743189880138
109.8125 0.0376627775538744
109.875 0.0379545838683221
109.9375 0.0382497898622457
110 0.0385484484759476
110.0625 0.0388506136827457
110.125 0.0391563405132207
110.1875 0.039465685080129
110.25 0.0397787046040026
110.3125 0.0400954574394561
110.375 0.0404160031022261
110.4375 0.0407404022969625
110.5 0.0410687169457994
110.5625 0.0414010102177282
110.625 0.0417373465587995
110.6875 0.0420777917231808
110.75 0.0424224128050973
110.8125 0.0427712782716853
110.875 0.0431244579967867
110.9375 0.0434820232957176
111 0.0438440469610406
111.0625 0.0442106032993765
111.125 0.0445817681692883
111.1875 0.0449576190202737
111.25 0.0453382349329033
111.3125 0.0457236966601441
111.375 0.0461140866699062
111.4375 0.0465094891888561
111.5 0.046909990247539
111.5625 0.0473156777268549
111.625 0.0477266414059356
111.6875 0.04814297301147
111.75 0.0485647662685285
111.8125 0.0489921169529392
111.875 0.0494251229452689
111.9375 0.0498638842864662
112 0.0503085032352255
112.0625 0.0507590843271314
112.125 0.0512157344356494
112.1875 0.0516785628350256
112.25 0.0521476812651673
112.3125 0.0526232039985733
112.375 0.053105247909389
112.4375 0.0535939325446648
112.5 0.0540893801978957
112.5625 0.0545917159849287
112.625 0.0551010679223227
112.6875 0.0556175670082539
112.75 0.0561413473060599
112.8125 0.0566725460305217
112.875 0.0572113036369864
112.9375 0.0577577639134376
113 0.0583120740756256
113.0625 0.0588743848653728
113.125 0.0594448506521775
113.1875 0.0600236295382411
113.25 0.0606108834670518
113.3125 0.0612067783356629
113.375 0.061811484110809
113.4375 0.0624251749490108
113.5 0.0630480293208262
113.5625 0.0636802301394098
113.625 0.0643219648935539
113.6875 0.0649734257853891
113.75 0.065634809872931
113.8125 0.0663063192176696
113.875 0.0669881610374047
113.9375 0.0676805478645413
114 0.0683836977100684
114.0625 0.0690978342334553
114.125 0.0698231869187093
114.1875 0.0705599912568518
114.25 0.0713084889350797
114.3125 0.0720689280328933
114.375 0.0728415632254854
114.4375 0.0736266559946974
114.5 0.0744244748478672
114.5625 0.0752352955449058
114.625 0.0760594013339573
114.6875 0.0768970831960141
114.75 0.0777486400988768
114.8125 0.0786143792608683
114.875 0.0794946164247307
114.9375 0.0803896761421553
115 0.0812998920694192
115.0625 0.0822256072746248
115.125 0.0831671745570634
115.1875 0.0841249567792511
115.25 0.0850993272122135
115.3125 0.0860906698946245
115.375 0.0870993800064347
115.4375 0.0881258642576609
115.5 0.0891705412930404
115.5625 0.0902338421132904
115.625 0.0913162105137555
115.6875 0.0924181035412633
115.75 0.0935399919700534
115.8125 0.0946823607976944
115.875 0.0958457097619467
115.9375 0.0970305538795872
116 0.0982374240082632
116.0625 0.0994668674325025
116.125 0.10071944847507
116.1875 0.101995749134924
116.25 0.103296369753101
116.3125 0.104621929707928
116.375 0.105973068141035
116.4375 0.107350444715742
116.5 0.108754740409462
116.5625 0.110186658341875
116.625 0.111646924640716
116.6875 0.113136289347141
116.75 0.114655527362725
116.8125 0.11620543944031
116.875 0.117786853221003
116.9375 0.119400624319794
117 0.121047637462413
117.0625 0.122728807676173
117.125 0.124445081537753
117.1875 0.126197438481027
117.25 0.12798689216825
117.3125 0.129814491928107
117.375 0.131681324264371
117.4375 0.133588514439116
117.5 0.135537228134723
117.5625 0.137528673199152
117.625 0.139564101479252
117.6875 0.141644810747203
117.75 0.143772146725491
117.8125 0.145947505216182
117.875 0.148172334340647
117.9375 0.150448136896283
118 0.152776472837232
118.0625 0.155158961886542
118.125 0.157597286287751
118.1875 0.160093193704398
118.25 0.162648500276546
118.3125 0.165265093844056
118.375 0.16794493734699
118.4375 0.170690072414291
118.5 0.173502623152644
118.5625 0.176384800148276
118.625 0.179338904695385
118.6875 0.182367333265855
118.75 0.185472582235989
118.8125 0.18865725288714
118.875 0.191924056698382
118.9375 0.195275820950686
119 0.198715494663551
119.0625 0.202246154886598
119.125 0.205871013370367
119.1875 0.209593423642404
119.25 0.213416888516736
119.3125 0.217345068067033
119.375 0.221381788096121
119.4375 0.225531049137089
119.5 0.229797036024055
119.5625 0.234184128073691
119.625 0.238696909921957
119.6875 0.243340183064083
119.75 0.248118978149835
119.8125 0.253038568090358
119.875 0.258104482037632
119.9375 0.263322520302689
120 0.26869877028436
120.0625 0.274239623486455
120.125 0.279951793708001
120.1875 0.2858423364985
120.25 0.291918669978253
120.3125 0.298188597132591
120.375 0.304660329698579
120.4375 0.311342513773379
120.5 0.318244257285139
120.5625 0.325375159480136
120.625 0.332745342594009
120.6875 0.340365485890498
120.75 0.348246862268186
120.8125 0.356401377654668
120.875 0.36484161342834
120.9375 0.373580872130998
121 0.382633226759779
121.0625 0.392013573954988
121.125 0.401737691431342
121.1875 0.411822300034393
121.25 0.4222851308418
121.3125 0.433144997771103
121.375 0.444421876202119
121.4375 0.456136988173628
121.5 0.468312894771109
121.5625 0.480973596385693
121.625 0.494144641594723
121.6875 0.5078532454924
121.75 0.522128418385505
121.8125 0.53700110586534
121.875 0.552504341373708
121.9375 0.568673412499155
122 0.585546042371101
122.0625 0.603162587665201
122.125 0.621566254894849
122.1875 0.640803336842636
122.25 0.660923471183547
122.3125 0.68197992357041
122.375 0.704029897693318
122.4375 0.727134875090235
122.5 0.75136098777729
122.5625 0.776779427085864
122.625 0.803466892440452
122.6875 0.831506084186894
122.75 0.860986244984518
122.8125 0.892003754706207
122.875 0.924662784243925
122.9375 0.959076014087594
123 0.995365424022771
123.0625 1.03366316076275
123.125 1.07411249077245
123.1875 1.11686884592444
123.25 1.16210096991037
123.3125 1.20999217345487
123.375 1.26074170626584
123.4375 1.31456625319672
123.5 1.37170156114873
123.5625 1.43240420161157
123.625 1.49695347117188
123.6875 1.56565342847032
123.75 1.63883506051187
123.8125 1.7168585633428
123.875 1.80011571113602
123.9375 1.88903227268389
124 1.98407041390972
124.0625 2.08573099765594
124.125 2.1945556556445
124.1875 2.31112845960043
124.25 2.43607695599401
124.3125 2.57007224802714
124.375 2.71382770517215
124.4375 2.86809575023778
124.5 3.03366201214702
124.5625 3.21133593584227
124.625 3.40193670781624
124.6875 3.60627309024927
124.75 3.82511547054878
124.8125 4.05915815195268
124.875 4.30896968178395
124.9375 4.57492891484336
125 4.85714466008672
125.0625 5.15535733068377
125.125 5.46882223762809
125.1875 5.79617630520544
125.25 6.13529331350133
125.3125 6.48313746925028
125.375 6.83563110664316
125.4375 7.1875590941247
125.5 7.53253883435973
125.5625 7.8630884929302
125.625 8.17082443830173
125.6875 8.44680886966439
125.75 8.68204843504354
125.8125 8.86811527909922
125.875 8.99782852603952
125.9375 9.0659058661535
126 9.06948248889639
126.0625 9.00840610668885
126.125 8.88525290071697
126.1875 8.7050613430849
126.25 8.47483388072735
126.3125 8.20289489415013
126.375 7.89820768261634
126.4375 7.56974313998372
126.5 7.22596567675629
126.5625 6.87446856230472
126.625 6.52176071858498
126.6875 6.17318569745822
126.75 5.83294250247709
126.8125 5.50417548111715
126.875 5.18910381631497
126.9375 4.88916729409832
127 4.60517182301947
127.0625 4.33742430328843
127.125 4.08585129258633
127.1875 3.85009938702848
127.25 3.62961749201598
127.3125 3.42372246502486
127.375 3.23165024354478
127.4375 3.05259475896869
127.5 2.88573685887689
127.5625 2.73026524090221
127.625 2.58539112318456
127.6875 2.4503580892206
127.75 2.32444827634404
127.8125 2.2069858402808
127.875 2.0973384274745
127.9375 1.99491722138589
128 1.89917599538607
128.0625 1.80960949879993
128.125 1.72575141956643
128.1875 1.64717210262509
128.25 1.57347615378545
128.3125 1.50430002133833
128.375 1.43930961943184
128.4375 1.37819803616758
128.5 1.3206833538099
128.5625 1.26650659713499
128.625 1.2154298177575
128.6875 1.16723431647312
128.75 1.12171900164149
128.8125 1.07869887894213
128.875 1.03800366611714
128.9375 0.999476525302273
129 0.962972905043891
129.0625 0.928359483953714
129.125 0.89551320805558
129.1875 0.86432041414692
129.25 0.834676031871954
129.3125 0.806482857640541
129.375 0.779650893994861
129.4375 0.754096748503634
129.5 0.729743086735318
129.5625 0.706518134317412
129.625 0.68435522352226
129.6875 0.663192380226674
129.75 0.642971947471518
129.8125 0.623640242197385
129.875 0.605147242054183
129.9375 0.587446299476681
130 0.570493880486305
130.0625 0.554249325923278
130.125 0.538674633034332
130.1875 0.523734255541327
130.25 0.50939492049712
130.3125 0.495625460398333
130.375 0.482396659172125
130.4375 0.469681110786933
130.5 0.457453089356942
130.5625 0.445688429717962
130.625 0.434364417549599
130.6875 0.423459688206195
130.75 0.41295413349793
130.8125 0.402828815734563
130.875 0.393065888408385
130.9375 0.383648522950731
131 0.37456084104851
131.0625 0.365787852054226
131.125 0.357315395065405
131.1875 0.349130085287693
131.25 0.341219264330471
131.3125 0.333570954115227
131.375 0.326173814105157
131.4375 0.319017101590194
131.5 0.312090634784793
131.5625 0.305384758516922
131.625 0.298890312305723
131.6875 0.292598600642654
131.75 0.286501365306622
131.8125 0.280590759557904
131.875 0.274859324068624
131.9375 0.269299964459371
132 0.263905930322274
132.0625 0.258670795620668
132.125 0.25358844036437
132.1875 0.248653033467761
132.25 0.243859016705265
132.3125 0.239201089685611
132.375 0.234674195772477
132.4375 0.230273508884746
132.5 0.225994421114833
132.5625 0.221832531108248
132.625 0.21778363315195
132.6875 0.213843706922998
132.75 0.210008907852683
132.8125 0.206275558064692
132.875 0.202640137848901
132.9375 0.199099277635274
133 0.195649750434911
133.0625 0.192288464717714
133.125 0.189012457698334
133.1875 0.185818889004081
133.25 0.182705034700399
133.3125 0.179668281651169
133.375 0.176706122192768
133.4375 0.173816149102222
133.5 0.170996050841204
133.5625 0.168243607058842
133.625 0.16555668433749
133.6875 0.16293323216669
133.75 0.160371279131532
133.8125 0.157868929302559
133.875 0.155424358815216
133.9375 0.153035812627616
134 0.150701601446165
134.0625 0.148420098809242
134.125 0.146189738319772
134.1875 0.144009011018129
134.25 0.141876462887338
134.3125 0.139790692483065
134.375 0.137750348681358
134.4375 0.135754128537528
134.5 0.133800775249992
134.5625 0.131889076223274
134.625 0.1300178612247
134.6875 0.12818600062968
134.75 0.12639240375078
134.8125 0.124636017246042
134.875 0.122915823602337
134.9375 0.121230839689728
135 0.119580115383111
135.0625 0.117962732247582
135.125 0.116377802284209
135.1875 0.114824466733069
135.25 0.113301894930596
135.3125 0.111809283218456
135.375 0.110345853901326
135.4375 0.108910854251089
135.5 0.107503555555118
135.5625 0.106123252206438
135.625 0.104769260833683
135.6875 0.103440919468877
135.75 0.102137586751186
135.8125 0.100858641164871
135.875 0.099603480309791
135.9375 0.0983715202028814
136 0.0971621946091115
136.0625 0.0959749544005231
136.125 0.0948092669420117
136.1875 0.0936646155025872
136.25 0.0925404986909207
136.3125 0.0914364299140401
136.375 0.0903519368581018
136.4375 0.0892865609902196
136.5 0.0882398570803816
136.5625 0.0872113927425406
136.625 0.0862007479940057
136.6875 0.0852075148323084
136.75 0.0842312968287601
136.8125 0.0832717087379524
136.875 0.0823283761224949
136.9375 0.0814009349923145
137 0.0804890314578775
137.0625 0.0795923213967251
137.125 0.0787104701327435
137.1875 0.0778431521276168
137.25 0.0769900506839397
137.3125 0.076150857659489
137.375 0.07532527319218
137.4375 0.0745130054352537
137.5 0.073713770302265
137.5625 0.0729272912214585
137.625 0.0721532988991427
137.6875 0.0713915310916867
137.75 0.0706417323857849
137.8125 0.0699036539866479
137.875 0.0691770535137972
137.9375 0.0684616948041537
138 0.0677573477221234
138.0625 0.0670637879763995
138.125 0.0663807969432123
138.1875 0.0657081614957664
138.25 0.0650456738396237
138.3125 0.0643931313537934
138.375 0.0637503364373069
138.4375 0.0631170963610621
138.5 0.062493223124731
138.5625 0.0618785333185363
138.625 0.0612728479897061
138.6875 0.0606759925134307
138.75 0.0600877964681452
138.8125 0.0595080935149771
138.875 0.0589367212811986
138.9375 0.0583735212475332
139 0.057818338639173
139.0625 0.0572710223203666
139.125 0.0567314246924453
139.1875 0.0561994015951607
139.25 0.0556748122112113
139.3125 0.0551575189738413
139.375 0.0546473874773987
139.4375 0.0541442863907462
139.5 0.0536480873734208
139.5625 0.0531586649944431
139.625 0.0526758966536816
139.6875 0.0521996625056804
139.75 0.0517298453858627
139.8125 0.0512663307390264
139.875 0.0508090065500497
139.9375 0.0503577632767311
140 0.0499124937846874
140.0625 0.0494730932842384
140.125 0.049039459269211
140.1875 0.0486114914575936
140.25 0.0481890917339801
140.3125 0.0477721640937402
140.375 0.0473606145888582
140.4375 0.0469543512753836
140.5 0.046553284162438
140.5625 0.0461573251627276
140.625 0.0457663880445095
140.6875 0.0453803883849637
140.75 0.0449992435249243
140.8125 0.0446228725249241
140.875 0.0442511961225108
140.9375 0.043884136690791
141 0.0435216181981637
141.0625 0.0431635661692033
141.125 0.0428099076466555
141.1875 0.04246057115451
141.25 0.0421154866621145
141.3125 0.0417745855492983
141.375 0.0414378005724716
141.4375 0.0411050658316703
141.5 0.0407763167385162
141.5625 0.0404514899850636
141.625 0.0401305235135046
141.6875 0.039813356486706
141.75 0.0394999292595519
141.8125 0.0391901833510669
141.875 0.0388840614172962
141.9375 0.0385815072249187
142 0.0382824656255702
142.0625 0.0379868825308563
142.125 0.037694704888033
142.1875 0.0374058806563343
142.25 0.0371203587839283
142.3125 0.0368380891854824
142.375 0.036559022720319
142.4375 0.036283111171144
142.5 0.0360103072233322
142.5625 0.0357405644447506
142.625 0.0354738372661069
142.6875 0.0352100809618047
142.75 0.0349492516312922
142.8125 0.0346913061808899
142.875 0.0344362023060825
142.9375 0.0341838984742622
143 0.0339343539079098
143.0625 0.0336875285682016
143.125 0.0334433831390296
143.1875 0.0332018790114224
143.25 0.0329629782683566
143.3125 0.032726643669947
143.375 0.0324928386390042
143.4375 0.0322615272469507
143.5 0.032032674200084
143.5625 0.0318062448261777
143.625 0.0315822050614109
143.6875 0.031360521437617
143.75 0.0311411610698425
143.8125 0.0309240916442081
143.875 0.0307092814060622
143.9375 0.0304966991484212
144 0.0302863142006863
144.0625 0.0300780964176303
144.125 0.0298720161686473
144.1875 0.0296680443272583
144.25 0.0294661522608641
144.3125 0.0292663118207417
144.375 0.0290684953322744
144.4375 0.0288726755854127
144.5 0.0286788258253566
144.5625 0.0284869197434561
144.625 0.0282969314683222
144.6875 0.0281088355571442
144.75 0.0279226069872069
144.8125 0.0277382211476029
144.875 0.0275556538311349
144.9375 0.0273748812264029
145 0.0271958799100719
145.0625 0.0270186268393145
145.125 0.0268430993444247
145.1875 0.0266692751215987
145.25 0.0264971322258774
145.3125 0.0263266490642473
145.375 0.0261578043888954
145.4375 0.0259905772906147
145.5 0.0258249471923551
145.5625 0.0256608938429182
145.625 0.0254983973107904
145.6875 0.0253374379781118
145.75 0.0251779965347772
145.8125 0.0250200539726664
145.875 0.0248635915799997
145.9375 0.0247085909358161
146 0.0245550339045714
146.0625 0.0244029026308527
146.125 0.0242521795342062
146.1875 0.0241028473040768
146.25 0.023954888894855
146.3125 0.0238082875210305
146.375 0.0236630266524477
146.4375 0.0235190900096627
146.5 0.0233764615593978
146.5625 0.023235125510092
146.625 0.0230950663075451
146.6875 0.0229562686306527
146.75 0.0228187173872306
146.8125 0.0226823977099258
146.875 0.022547294952213
146.9375 0.0224133946844729
147 0.0222806826901526
147.0625 0.0221491449620041
147.125 0.0220187676984008
147.1875 0.0218895372997282
147.25 0.0217614403648497
147.3125 0.021634463687643
147.375 0.0215085942536075
147.4375 0.0213838192365399
147.5 0.0212601259952771
147.5625 0.0211375020705044
147.625 0.0210159351816281
147.6875 0.0208954132237097
147.75 0.0207759242644626
147.8125 0.0206574565413071
147.875 0.0205399984584847
147.9375 0.0204235385842293
148 0.0203080656479936
148.0625 0.0201935685377311
148.125 0.0200800362972302
148.1875 0.0199674581235011
148.25 0.0198558233642138
148.3125 0.019745121515185
148.375 0.0196353422179152
148.4375 0.0195264752571715
148.5 0.0194185105586193
148.5625 0.019311438186497
148.625 0.0192052483413376
148.6875 0.0190999313577324
148.75 0.018995477702138
148.8125 0.0188918779707246
148.875 0.0187891228872658
148.9375 0.0186872033010672
149 0.0185861101849354
149.0625 0.0184858346331844
149.125 0.0183863678596792
149.1875 0.0182877011959171
149.25 0.0181898260891436
149.3125 0.018092734100504
149.375 0.0179964169032294
149.4375 0.017900866280856
149.5 0.0178060741254777
149.5625 0.01771203243603
149.625 0.0176187333166068
149.6875 0.0175261689748067
149.75 0.0174343317201106
149.8125 0.017343213962288
149.875 0.0172528082098331
149.9375 0.0171631070684284
150 0.0170741032394372
150.0625 0.0169857895184219
150.125 0.0168981587936903
150.1875 0.0168112040448674
150.25 0.0167249183414924
150.3125 0.0166392948416417
150.375 0.0165543267905756
150.4375 0.0164700075194092
150.5 0.0163863304438076
150.5625 0.016303289062703
150.625 0.0162208769570352
150.6875 0.0161390877885143
150.75 0.0160579152984047
150.8125 0.0159773533063306
150.875 0.0158973957091024
150.9375 0.0158180364795634
151 0.0157392696654567
151.0625 0.0156610893883118
151.125 0.01558348984235
151.1875 0.0155064652934094
151.25 0.0154300100778876
151.3125 0.0153541186017033
151.375 0.0152787853392753
151.4375 0.0152040048325186
151.5 0.0151297716898586
151.5625 0.0150560805852607
151.625 0.0149829262572779
151.6875 0.0149103035081131
151.75 0.0148382072026979
151.8125 0.0147666322677874
151.875 0.0146955736910688
151.9375 0.0146250265202865
152 0.0145549858623806
152.0625 0.0144854468826409
152.125 0.0144164048038735
152.1875 0.0143478549055828
152.25 0.014279792523166
152.3125 0.0142122130471213
152.375 0.0141451119222691
152.4375 0.0140784846469861
152.5 0.0140123267724516
152.5625 0.0139466339019066
152.625 0.0138814016899246
152.6875 0.0138166258416948
152.75 0.0137523021123163
152.8125 0.0136884263061041
152.875 0.0136249942759064
152.9375 0.0135620019224329
153 0.0134994451935935
153.0625 0.0134373200838483
153.125 0.0133756226335673
153.1875 0.0133143489284012
153.25 0.0132534950986612
153.3125 0.0131930573187098
153.375 0.01313303180636
153.4375 0.0130734148222855
153.5 0.013014202669439
153.5625 0.01295539169248
153.625 0.0128969782772121
153.6875 0.0128389588500287
153.75 0.0127813298773673
153.8125 0.0127240878651725
153.875 0.0126672293583676
153.9375 0.012610750940334
154 0.012554649232399
154.0625 0.0124989208933313
154.125 0.0124435626188447
154.1875 0.0123885711411087
154.25 0.0123339432282677
154.3125 0.0122796756839668
154.375 0.0122257653468847
154.4375 0.0121722090902747
154.5 0.0121190038215119
154.5625 0.0120661464816475
154.625 0.0120136340449698
154.6875 0.0119614635185723
154.75 0.0119096319419277
154.8125 0.0118581363864686
154.875 0.0118069739551749
154.9375 0.0117561417821668
155 0.0117056370323039
155.0625 0.0116554569007912
155.125 0.0116055986127898
155.1875 0.0115560594230341
155.25 0.0115068366154549
155.3125 0.011457927502807
155.375 0.0114093294263039
155.4375 0.0113610397552562
155.5 0.0113130558867171
155.5625 0.0112653752451315
155.625 0.0112179952819911
155.6875 0.0111709134754948
155.75 0.0111241273302133
155.8125 0.0110776343767591
155.875 0.0110314321714611
155.9375 0.0109855182960442
156 0.0109398903573134
156.0625 0.0108945459868422
156.125 0.0108494828406658
156.1875 0.0108046985989789
156.25 0.0107601909658373
156.3125 0.0107159576688646
156.375 0.0106719964589618
156.4375 0.0106283051100227
156.5 0.010584881418652
156.5625 0.0105417232038879
156.625 0.0104988283069293
156.6875 0.0104561945908654
156.75 0.0104138199404106
156.8125 0.0103717022616421
156.875 0.0103298394817421
156.9375 0.0102882295487427
157 0.0102468704312749
157.0625 0.0102057601183215
157.125 0.0101648966189722
157.1875 0.0101242779621837
157.25 0.010083902196542
157.3125 0.0100437673900283
157.375 0.0100038716297884
157.4375 0.00996421302190499
157.5 0.00992478969117339
157.5625 0.00988559978087996
157.625 0.00984664145258399
157.6875 0.00980791288590229
157.75 0.00976941227829693
157.8125 0.00973113784486575
157.875 0.00969308781813578
157.9375 0.00965526044785953
158 0.00961765400081394
158.0625 0.00958026676060216
158.125 0.00954309702745798
158.1875 0.00950614311805288
158.25 0.00946940336530573
158.3125 0.00943287611819503
158.375 0.0093965597415737
158.4375 0.00936045261598629
158.5 0.00932455313748874
158.5625 0.00928885971747046
158.625 0.00925337078247884
158.6875 0.00921808477404608
158.75 0.00918300014851832
158.8125 0.00914811537688705
158.875 0.00911342894462271
158.9375 0.00907893935151059
159 0.00904464511148878
