-3 -0.999978632326396
-2.936 -0.999967828333458
-2.872 -0.999951950504505
-2.808 -0.9999288123203
-2.744 -0.999895377909702
-2.68 -0.999847473130941
-2.616 -0.999779415178276
-2.552 -0.999683544138361
-2.488 -0.999549638875303
-2.424 -0.999364199444369
-2.36 -0.99910957932126
-2.296 -0.998762953541792
-2.232 -0.998295113862807
-2.168 -0.997669089761787
-2.104 -0.996838604916202
-2.04 -0.995746393048327
-1.976 -0.994322414790763
-1.912 -0.992482038338678
-1.848 -0.991083003498127
-1.784 -0.98843341992934
-1.72 -0.985107851661726
-1.656 -0.980967617543697
-1.592 -0.975854803186309
-1.528 -0.969591882223243
-1.464 -0.961981933138686
-1.4 -0.952809572542964
-1.336 -0.941842713572181
-1.272 -0.928415484516152
-1.208 -0.913017055810567
-1.144 -0.895052109362616
-1.08 -0.87426209817975
-1.016 -0.850396353151924
-0.951999999999998 -0.821824067799562
-0.887999999999998 -0.790802292378095
-0.823999999999998 -0.756092040554731
-0.759999999999998 -0.717524082262661
-0.695999999999998 -0.675018488127277
-0.631999999999998 -0.62855480431964
-0.567999999999998 -0.578178368277246
-0.503999999999998 -0.523957256461549
-0.439999999999998 -0.466196854861549
-0.375999999999998 -0.405082965906741
-0.311999999999998 -0.340951013733148
-0.247999999999998 -0.27420335376682
-0.183999999999998 -0.205301837750592
-0.119999999999998 -0.134758296586915
-0.0559999999999978 -0.0631232404010654
0.00800000000000223 0.00902684076367868
0.0720000000000022 0.0811031253219583
0.136000000000002 0.152518561494321
0.200000000000002 0.2227019035483
0.264000000000002 0.291111168017505
0.328000000000002 0.357246023100819
0.392000000000002 0.420658675825282
0.456000000000002 0.480962893135626
0.520000000000002 0.537895208270877
0.584000000000002 0.591134202549825
0.648000000000002 0.640540491401894
0.712000000000002 0.686016239654292
0.776000000000002 0.727533064817418
0.840000000000003 0.765126938590746
0.904000000000003 0.798891513570702
0.968000000000003 0.829010461740601
1.032 0.856664349484912
1.096 0.879738360418968
1.16 0.89979817731624
1.224 0.917097099359151
1.288 0.932292304168724
1.352 0.944765913116478
1.416 0.955261567315208
1.48 0.964022180999408
1.544 0.971275878672276
1.608 0.977233559185082
1.672 0.982087352791539
1.736 0.986009877804352
1.8 0.989154184273649
1.864 0.990768402914168
1.928 0.992986397320339
1.992 0.994713874377091
2.056 0.996047577793901
2.12 0.997068321742744
2.184 0.997842781880351
2.248 0.998425312793905
2.312 0.99885971139703
2.376 0.999180869077701
2.44 0.999416275711381
2.504 0.999587355545435
2.568 0.999710628331319
2.632 0.999798699090837
2.696 0.999861086893523
2.76 0.999904907440039
2.824 0.99993542657919
2.888 0.999956502615845
2.952 0.999970934836481
