205 1.29897484455434 0.0743850109161143 0.0942290851313379
405 1.21384330125817 0.0432482530328378 0.179360628427505
605 1.33806161414682 0.0581682490613742 0.0551423155388597
805 1.37645330537751 0.090918543013524 0.0167506243081619
1005 1.27503832218027 0.0449836731866962 0.118165607505405
1205 1.30267702119956 0.0603230459207949 0.0905269084861151
1405 1.41760428625343 0.0811009196287166 0.0244003565677544
1605 1.34688636774839 0.0554407129459035 0.0463175619372913
1805 1.31814223065429 0.0515084949513806 0.0750616990313901
2005 1.36685106329669 0.0440185371423394 0.0263528663889876
2205 1.38142479639658 0.0765539031038135 0.0117791332890997
2405 1.42549306529301 0.0906620440363687 0.0322891356073336
2605 1.35765013249407 0.0410987536170831 0.035553797191604
2805 1.31800338700006 0.0396065676820343 0.0752005426856213
3005 1.28899602299409 0.0390061328363651 0.104207906691592
3205 1.35016506367908 0.0399782721768016 0.0430388660066006
3405 1.30721325810063 0.0385607112537732 0.0859906715850471
3605 1.4109646778881 0.0610522945270739 0.0177607482024265
3805 1.36924047993373 0.0663036411173055 0.0239634497519514
4005 1.26944460812151 0.0226458803491416 0.123759321564167
4205 1.5416974637245 0.172196314427805 0.148493534038819
4405 1.39089962886956 0.0501633561771347 0.0023043008161161
4605 1.38269407882683 0.0384841320179949 0.0105098508588484
4805 1.50451801609901 0.0889444590704188 0.111314086413338
5005 1.43006133607295 0.0672281926882437 0.0368574063872771
5205 1.37334274390534 0.055416708306039 0.019861185780333
5405 1.29338601160101 0.0260969993625994 0.0998179180846708
5605 1.34309855324621 0.0391255387314705 0.0501053764394663
5805 1.53312671429371 0.198683447232982 0.139922784608029
6005 1.44174256711818 0.0823564767109178 0.0485386374324988
6205 1.33780012743694 0.0249555192478764 0.0554038022487386
6405 1.39246697727627 0.0486395527709662 0.000736952409402303
6605 1.41804724135307 0.0689258759986376 0.0248433116673941
6805 1.3729133892503 0.0340129935574812 0.0202905404353808
7005 1.35943248843263 0.0273856772268906 0.033771441253043
7205 1.36557047369512 0.0435602929540486 0.0276334559905553
7405 1.35138639436915 0.0283708317526298 0.0418175353165282
7605 1.32643115302948 0.0386789243582219 0.0667727766561974
7805 1.44031500063405 0.0622738053159063 0.0471110709483689
8005 1.34638516589256 0.0282876822593179 0.0468187637931208
8205 1.36000037608856 0.0242503235821889 0.0332035535971122
8405 1.35502577700474 0.0297901949413902 0.0381781526809359
8605 1.37725276054442 0.0323344463557228 0.0159511691412559
8805 1.40280185424376 0.0318106941310256 0.00959792455808484
9005 1.36602438204213 0.0328837870216095 0.0271795476435421
9205 1.36482682189918 0.0245044415737622 0.0283771077864932
9405 1.38064533807984 0.0302763865159219 0.0125585916058402
9605 1.37926942539323 0.029374022788906 0.0139345042924428
9805 1.36451042228419 0.0241860153436115 0.0286935074014909
10005 1.35311380391075 0.0266696904641219 0.0400901257749278
