200 3.12590959485637 0.13012723613266 0.0156830587334209
400 3.06543904329948 0.0905383500260928 0.0761536102903175
600 3.16808612835926 0.072446214066612 0.0264934747694645
800 3.04702035385867 0.0631890043047669 0.0945722997311251
1000 3.10924273602611 0.0563398383375803 0.0323499175636877
1200 3.07460785970983 0.0524565036658749 0.0669847938799633
1400 3.1489758110728 0.0479978810886492 0.00738315748300478
1600 3.05614007316624 0.0448509564688764 0.0854525804235573
1800 3.16084344404045 0.0424178881136935 0.0192507904506534
2000 3.16432457073573 0.0401094300745246 0.0227319171459319
2200 3.15932311873343 0.0384007194350002 0.0177304651436354
2400 3.12176183754367 0.0366472949329597 0.019830816046126
2600 3.17841464783015 0.0353969498626573 0.0368219942403565
2800 3.18547089322948 0.0349729096073971 0.0438782396396875
3000 3.15308335797794 0.0328524860880931 0.0114907043881449
3200 3.12149106074018 0.0322927149192709 0.0201015928496115
3400 3.19540816339039 0.0310573443259434 0.0538155098005921
3600 3.10361403344724 0.0300731729951331 0.03797862014255
3800 3.12485212255735 0.0292883966114581 0.0167405310324393
4000 3.11010360705745 0.0290871024877814 0.0314890465323452
4200 3.10073291188108 0.0283464245067144 0.0408597417087151
4400 3.14970440487752 0.0271184712452765 0.00811175128772268
4600 3.1509920662205 0.0268726734495602 0.00939941263071153
4800 3.14594418000114 0.0259336753238512 0.00435152641134495
5000 3.13862607000839 0.0256282361548734 0.00296658358140611
5200 3.11716513654599 0.0249567992620756 0.024427517043808
5400 3.15578420243589 0.0247447605857704 0.0141915488460995
5600 3.13742632508988 0.0241277769457393 0.0041663284999105
5800 3.15756241434112 0.0239560422062166 0.0159697607513278
6000 3.18556223181574 0.0233852584429294 0.0439695782259513
6200 3.12869445865636 0.023289035325601 0.0128981949334315
6400 3.13423761612194 0.0226116026146661 0.00735503746785193
6600 3.14779536063201 0.0223441629008994 0.00620270704222037
6800 3.12434793100132 0.0221495722343852 0.0172447225884698
7000 3.15738328478915 0.0216665646963279 0.0157906311993532
7200 3.11178300848665 0.0212408293822347 0.0298096451031427
7400 3.13838306703307 0.0209990474798687 0.00320958655671877
7600 3.11853956996939 0.0207308495766924 0.0230530836204026
7800 3.19196352082357 0.0204062038584145 0.0503708672337719
8000 3.1358607556964 0.0203542243041982 0.00573189789339601
8200 3.16140608634394 0.0198930676606349 0.0198134327541442
8400 3.18086631819003 0.0197670536554484 0.0392736646002363
8600 3.16017299991745 0.0195404416534656 0.0185803463276577
8800 3.10767441135126 0.0192453989237164 0.0339182422385313
9000 3.1326123367296 0.0190910810034585 0.00898031686019696
9200 3.1455690006336 0.0189537738049796 0.00397634704381122
9400 3.13980629972191 0.0188912996888597 0.00178635386788262
9600 3.12277486270665 0.0186753413095696 0.0188177908831388
9800 3.13845174167386 0.0184657763328518 0.00314091191593002
10000 3.1034788101972 0.0180577071664948 0.0381138433925883
