200 3.10526798853266 0.0604541200111226 0.0363246650571321
400 3.12343032106123 0.0400650925302299 0.0181623325285658
600 3.12613012724791 0.0250335610270991 0.0154625263418873
800 3.13251148732551 0.0266960973646725 0.0090811662642829
1000 3.13388593411146 0.00981870590281686 0.00770671947833712
1200 3.13386139041885 0.0124023847865179 0.00773126317094341
1400 3.13477301328708 0.0134284033817782 0.00681964030271454
1600 3.13705207045765 0.010059171530194 0.00454058313214167
1800 3.13688844584028 0.010815479217694 0.00470420774951608
2000 3.13773929385062 0.00469200107004925 0.00385335973916856
2200 3.13696839877831 0.000428356460743245 0.00462425481148054
2400 3.13772702200432 0.00569521129292944 0.00386563158547171
2600 3.13748158507826 0.003333453416793 0.00411106851153376
2800 3.13818283343844 0.00786695863250784 0.00340982015135705
3000 3.13816880847123 0.00603404160551199 0.00342384511856064
3200 3.13932236202372 0.00468089878943398 0.00227029156607061
3400 3.13825398952204 0.00520271100798995 0.0033386640677513
3600 3.13924054971504 0.00478736278148619 0.00235210387475782
3800 3.13874106404094 0.00555024398989522 0.00285158954884857
4000 3.13966597372021 0.00531764953643774 0.00192667986958428
4200 3.13927415119896 0.00169414772656453 0.00231850239083276
4400 3.13928052618405 0.00164172490790357 0.00231212740574049
4600 3.13964916662636 0.0027742846419836 0.00194348696343427
4800 3.13965983779706 0.00417635601428792 0.00193281579273608
5000 3.13944385330212 0.00465475358243159 0.00214880028766995
5200 3.13953711933403 0.00242349844106414 0.00205553425576666
5400 3.13937349471665 0.00303522264023305 0.0022191588731415
5600 3.13988774351411 0.00348909591509619 0.00170491007567852
5800 3.13941016919986 0.00311309711708124 0.00218248438993651
6000 3.13988073103051 0.00423137544354776 0.00171192255928032
6200 3.13996663395463 0.00243602218572043 0.00162601963515874
6400 3.14045750780676 0.00265751255160942 0.00113514578303553
6600 3.13983275926769 0.00109519903296042 0.00175989432210155
6800 3.13992332155592 0.00154668901609654 0.00166933203387565
7000 3.13980534683179 0.00313522937285932 0.00178730675799921
7200 3.14041660165241 0.003216450658236 0.00117605193737891
7400 3.14003628497419 0.00278305848504062 0.0015563686156006
7600 3.14016685881537 0.00247801730308449 0.00142579477442428
7800 3.14025927028955 0.00178170034352949 0.00133338330023935
8000 3.140629313655 0.00367892666484103 0.000963339934791918
8200 3.14082678562082 0.00344853071016393 0.000765867968976153
8400 3.14043340239438 0.00229901962944459 0.00115925119541638
8600 3.14025238246884 0.0017827936200531 0.00134027112095048
8800 3.14043658988692 0.000600270693609793 0.00115606370287002
9000 3.14022536538086 0.00193200188759095 0.00136728820893506
9200 3.14062091010808 0.00280618496834285 0.000971743481717358
9400 3.14026070133546 0.00192823235252786 0.00133195225433225
9600 3.14062624569342 0.00279380165032065 0.00096640789636826
9800 3.14032070176506 0.00139434858222398 0.00127195182473017
10000 3.14051825344596 0.00226683505260223 0.00107440014383497
