-1 0.355156867796808
-0.984375 0.355716252197675
-0.96875 0.353727524937674
-0.953125 0.34908096329186
-0.9375 0.341675585077781
-0.921875 0.331421228659356
-0.90625 0.31824075646019
-0.890625 0.302072353883732
-0.875 0.282871889312059
-0.859375 0.260615294793649
-0.84375 0.235300921353468
-0.828125 0.206951817800825
-0.8125 0.175617877713644
-0.796875 0.141377796181905
-0.78125 0.104340776125926
-0.765625 0.0646479237717981
-0.75 0.0224732743378837
-0.734375 -0.021975607711173
-0.71875 -0.0684575042816555
-0.703125 -0.116697938463546
-0.6875 -0.166390122902543
-0.671875 -0.217196485426418
-0.65625 -0.268750783459076
-0.640625 -0.320660805389984
-0.625 -0.372511642855026
-0.609375 -0.423869503244853
-0.59375 -0.474286017152595
-0.578125 -0.523302981398987
-0.5625 -0.570457465235717
-0.546875 -0.615287195823698
-0.53125 -0.657336129577185
-0.515625 -0.696160108868275
-0.5 -0.731332499235577
-0.484375 -0.76244970087757
-0.46875 -0.789136429967353
-0.453125 -0.811050670211878
-0.4375 -0.827888202978294
-0.421875 -0.839386634978159
-0.40625 -0.845328855570557
-0.390625 -0.845545870741566
-0.375 -0.83991897717331
-0.359375 -0.828381256896562
-0.34375 -0.810918390153285
-0.328125 -0.787568800598224
-0.3125 -0.758423162185439
-0.296875 -0.723623310417669
-0.28125 -0.683360611573356
-0.265625 -0.637873851673069
-0.25 -0.587446712046348
-0.234375 -0.532404900306249
-0.21875 -0.47311300438652
-0.203125 -0.409971133258335
-0.1875 -0.343411401381888
-0.171875 -0.273894305355787
-0.15625 -0.201905031202825
-0.140625 -0.127949719946528
-0.125 -0.0525517082988519
-0.109375 0.023752248896234
-0.09375 0.10041577666877
-0.078125 0.176886707520389
-0.0625 0.252610952302977
-0.046875 0.327036429891996
-0.03125 0.399617070095646
-0.015625 0.469816900271904
0 0.537114219434422
0.015625 0.601005854557231
0.03125 0.661011482829
0.046875 0.716677991376278
0.0625 0.767583833178949
0.078125 0.813343325300462
0.09375 0.853610823922483
0.109375 0.888084700750384
0.125 0.916511037813572
0.140625 0.938686953086524
0.15625 0.954463468127634
0.171875 0.963747831336642
0.1875 0.966505216554105
0.203125 0.962759726472802
0.21875 0.952594643428565
0.234375 0.936151886150414
0.25 0.913630649398796
0.265625 0.885285223415369
0.28125 0.85142201097835
0.296875 0.812395780793725
0.3125 0.768605216141817
0.328125 0.720487836364449
0.34375 0.668514385214949
0.359375 0.613182793698351
0.375 0.55501183532635
0.390625 0.4945345983693
0.40625 0.432291902529632
0.421875 0.36882578646868
0.4375 0.304673187925541
0.453125 0.240359930046337
0.46875 0.176395116391337
0.484375 0.113266023402012
0.5 0.0514335634598072
0.515625 -0.00867162533131538
0.53125 -0.0666524242228597
0.546875 -0.12214779315458
0.5625 -0.174834641051798
0.578125 -0.224429020086263
0.59375 -0.270686671705175
0.609375 -0.313402965184524
0.625 -0.352412280285252
0.640625 -0.387586894107272
0.65625 -0.418835438367899
0.671875 -0.446100997090402
0.6875 -0.469358916171097
0.703125 -0.488614395667127
0.71875 -0.503899933137538
0.734375 -0.515272682246761
0.75 -0.522811785400143
0.765625 -0.526615732737977
0.78125 -0.52679979268053
0.796875 -0.523493551693391
0.8125 -0.516838593310241
0.828125 -0.506986338959453
0.84375 -0.494096066006926
0.859375 -0.478333111826318
0.875 -0.45986726677473
0.890625 -0.438871353781816
0.90625 -0.415519987909496
0.921875 -0.389988505728801
0.9375 -0.362452051679396
0.953125 -0.333084806689011
0.96875 -0.302059343176142
0.984375 -0.269546090065585
1 -0.235712891527298
