0 0 0
0.03125 0.0302810539354716 0.0302885385773858
0.0625 0.0586716833784291 0.0587133164258422
0.09375 0.08524238251629 0.0853603463793782
0.125 0.110058139930842 0.110312112823074
0.15625 0.133181461795165 0.133647707391785
0.1875 0.154672895657629 0.155442959658825
0.21875 0.174591102904603 0.175770562994482
0.25 0.192993103467233 0.194700195767851
0.28125 0.209934241523801 0.212298638059408
0.3125 0.225469023516294 0.228629884045826
0.34375 0.239649376470363 0.243755250212856
0.375 0.252526751735685 0.257733479546615
0.40625 0.264150233866801 0.270620841848292
0.4375 0.274568341657408 0.282471230312203
0.46875 0.283827578020394 0.293336254502152
0.5 0.291973293823058 0.303265329856317
0.53125 0.29904980728264 0.312305763846247
0.5625 0.305099767706268 0.320502838911144
0.59375 0.310164641198646 0.327899892284293
0.625 0.314286631818793 0.334538392824369
0.65625 0.317501571883098 0.340458014960365
0.6875 0.319848936724814 0.345696709855022
0.71875 0.321365525753113 0.350290773887914
0.75 0.32208727182482 0.354274914555761
0.78125 0.322048811914256 0.357682313884074
0.8125 0.321283625223367 0.360544689440877
0.84375 0.319824603155019 0.362892353040053
0.875 0.317704504083288 0.364754267218695
0.90625 0.314951281816125 0.366158099569904
0.9375 0.311598056358944 0.367130275009499
0.96875 0.307669866403666 0.367696026052368
1 0.30319659980764 0.367879441171442
1.03125 0.298204837173389 0.367703511309695
1.0625 0.292722326124837 0.367190174613035
1.09375 0.286771764598651 0.366360359449541
1.125 0.28037921259762 0.365234025778143
1.15625 0.273568208385596 0.363830204927593
1.1875 0.266362957109545 0.362167037844383
1.21875 0.258783361954417 0.360261811866171
1.25 0.250852227783101 0.358130996075238
1.28125 0.242590252879521 0.355790275284543
1.3125 0.234017580956973 0.353254582707054
1.34375 0.225153695943971 0.350538131357195
1.375 0.216017433496364 0.347654444231526
1.40625 0.206626993211578 0.344616383314021
1.4375 0.196999951781985 0.341436177449721
1.46875 0.187153277360627 0.338125449128937
1.5 0.17710383206348 0.334695240222645
1.53125 0.166866450757034 0.331156036708265
1.5625 0.15645686221115 0.32751779242359
1.59375 0.145889771891394 0.323789951885254
1.625 0.135179376244055 0.319981472206815
1.65625 0.124339602941166 0.316100844150274
1.6875 0.113383482552482 0.312156112343576
1.71875 0.102323948822356 0.308154894695516
1.75 0.091172867062243 0.304104401038279
1.78125 0.0799420718489665 0.300011451026766
1.8125 0.0686430827389628 0.2958824913228
1.84375 0.0572868728551455 0.291723612091263
1.875 0.0458838478974292 0.287540562834241
1.90625 0.0344441496061018 0.283338767588296
1.9375 0.0229776335739069 0.279123339509066
1.96875 0.0114931628499126 0.274899094866504
2 4.74106399065213E-07 0.270670566473225
