0 0 0
0.125 0.110283687819298 0.110312112823074
0.25 0.194650819540448 0.194700195767851
0.375 0.257669983475034 0.257733479546615
0.5 0.303194281857164 0.303265329856317
0.625 0.334462704449516 0.334538392824369
0.75 0.354198816528506 0.354274914555761
0.875 0.364679486295729 0.364754267218695
1 0.367804521023211 0.367879441171442
1.125 0.365159223941179 0.365234025778143
1.25 0.358058367386193 0.358130996075238
1.375 0.347581895089921 0.347654444231526
1.5 0.334622643262226 0.334695240222645
1.625 0.319908338774266 0.319981472206815
1.75 0.304030769855778 0.304104401038279
1.875 0.287465832368761 0.287540562834241
2 0.270594556570237 0.270670566473225
2.125 0.253717374001214 0.253795057566779
2.25 0.237069010977532 0.237148255264195
2.375 0.220827721325244 0.220909411875326
2.5 0.205128956110132 0.205212496559747
2.625 0.190068335900614 0.19015436221491
2.75 0.175713797221876 0.175801618318446
2.875 0.162107023591674 0.16219640107336
3 0.149270094003786 0.149361205103592
3.125 0.13720997762562 0.137302917573148
3.25 0.125921084890605 0.126016175453097
3.375 0.11538841641175 0.115486149301873
3.5 0.105589848907435 0.105690841978115
3.625 0.0964979588680374 0.0966029778442886
3.75 0.0880811475468395 0.0881915469600341
3.875 0.0803065510331867 0.0804230592605865
4 0.0731391581068415 0.0732625555549367
4.125 0.066542200602549 0.0666744151761842
4.25 0.0604814954134535 0.0606229941132468
4.375 0.0549201317310803 0.0550731223106487
4.5 0.0498248433919892 0.0499904844220904
4.625 0.0451622941986073 0.045341904540676
4.75 0.0408998844111918 0.041095552214823
4.875 0.0370074371933192 0.0372210843169423
5 0.0334558704527247 0.0336897349954273
5.125 0.0302179975584369 0.0304743639519195
5.25 0.0272673747114349 0.0275494715957023
5.375 0.0245806667546444 0.0248911881927412
5.5 0.0221355927179886 0.0224772429115524
5.625 0.019909996080343 0.0202869176400885
5.75 0.0178851164342353 0.0183009895799306
5.875 0.0160421087857918 0.0165016658928374
6 0.0143652739571498 0.0148725130599982
6.125 0.0128367055269034 0.0133983830988702
6.25 0.0114434892404244 0.0120653383514232
6.375 0.0101720518493504 0.0108605761982414
6.5 0.00900969107104101 0.00977235475435422
6.625 0.00794462664223388 0.00878992035555382
6.75 0.00696601009540107 0.00790343744034043
6.875 0.00606388899725695 0.0071039212657025
7 0.00522911839909071 0.00638317375888161
7.125 0.00445320524279032 0.00573372269713787
7.25 0.00372740810597094 0.00514876431910848
7.375 0.0030416777488177 0.00462210940105737
7.5 0.00239276567931224 0.00414813277610875
7.625 0.00177066030671876 0.00372172623186604
7.75 0.00116852619083203 0.00333825468946158
7.875 0.000581501474544247 0.00299351554322203
8 -4.09790075413556E-08 0.00268370102322009
