0 0 0
0.15625 0.133613183457225 0.133647707391785
0.3125 0.228573008477018 0.228629884045826
0.46875 0.293267746399385 0.293336254502152
0.625 0.334464039248829 0.334538392824369
0.78125 0.357608279733764 0.357682313884074
0.9375 0.367059196456753 0.367130275009499
1.09375 0.366290992194924 0.366360359449541
1.25 0.358065861141508 0.358130996075238
1.40625 0.344553572351772 0.344616383314021
1.5625 0.327457491176926 0.32751779242359
1.71875 0.308096956097493 0.308154894695516
1.875 0.287484577725217 0.287540562834241
2.03125 0.266387771874594 0.266442016567582
2.1875 0.245378936436888 0.245430698013252
2.34375 0.224872693582707 0.224922857917965
2.5 0.205164094746062 0.205212496559747
2.65625 0.186451941179918 0.186498021914812
2.8125 0.168860799022079 0.168903753455554
2.96875 0.152458266420061 0.152497204965276
3.125 0.137268368532184 0.137302917573148
3.28125 0.123283511468371 0.123313479420462
3.4375 0.11047276609578 0.110498256436136
3.59375 0.0987889195186949 0.0988102658327333
3.75 0.0881739002774446 0.0881915469600341
3.90625 0.0785629583344001 0.0785773204169566
4.0625 0.069887833289538 0.0698991736050213
4.21875 0.062078732009723 0.062087467353617
4.375 0.0550662710127134 0.0550731223106487
4.53125 0.0487838340517509 0.0487889141796665
4.6875 0.0431670172071752 0.0431703825186007
4.84375 0.0381541306447341 0.0381564377975377
5 0.0336881667556108 0.0336897349954273
5.15625 0.0297158252342099 0.0297168685755193
5.3125 0.0261869935660559 0.0261884326988331
5.46875 0.0230574433720564 0.0230589815837004
5.625 0.020284877026725 0.0202869176400885
5.78125 0.0178317007509468 0.0178343291036124
5.9375 0.0156626231101306 0.0156667941202333
6.09375 0.0137473825127848 0.0137531643852771
6.25 0.0120576475450909 0.0120653383514232
6.40625 0.0105680436614692 0.0105780315508047
6.5625 0.00925603331912157 0.00926854961175204
6.71875 0.00810154949234629 0.00811656799659887
6.875 0.0070840927458511 0.0071039212657025
7.03125 0.0061906632066895 0.00621440372063707
7.1875 0.0054041402540474 0.0054335825441032
7.34375 0.00471449946754414 0.00474862399267345
7.5 0.00410614693729592 0.00414813277610875
7.65625 0.00357181880220143 0.00362200444515987
7.8125 0.00310225789316147 0.00316129038536144
7.96875 0.00268901433956343 0.00275807485856841
8.125 0.00232458573628355 0.00240536343171195
8.28125 0.00200247647727938 0.00209698207124848
8.4375 0.00171717161369876 0.00182748615224247
8.59375 0.00146402043307011 0.00159207862513294
8.75 0.00123902479532785 0.00138653659476282
8.90625 0.00103852096768275 0.00120714559028311
9.0625 0.000853065077657521 0.0010506408372219
9.21875 0.000686866067491128 0.000914154881327078
9.375 0.000535151776580557 0.000795170955435648
9.53125 0.000389864579941831 0.000691481523828168
9.6875 0.000258297243355156 0.000601151481970526
9.84375 0.000124802901145474 0.000522485532254315
10 -2.84220186190596E-08 0.000453999297624849
