0 0 0
0.109375 0.0980184344254538 0.0980431163507196
0.21875 0.175725205254665 0.175770562994482
0.328125 0.23627974091212 0.236339571547879
0.4375 0.282401767986123 0.282471230312203
0.546875 0.316428943035376 0.316506967991202
0.65625 0.340374132506756 0.340458014960365
0.765625 0.355962028780889 0.356048690915137
0.875 0.364664924430614 0.364754267218695
0.984375 0.367739725314886 0.367834063477824
1.09375 0.36626037946544 0.366360359449541
1.203125 0.361137201936346 0.361243634126474
1.3125 0.353143181312819 0.353254582707054
1.421875 0.342924176733928 0.343043308189747
1.53125 0.331028173158607 0.331156036708265
1.640625 0.317912132930806 0.318049663711656
1.75 0.303956575982173 0.304104401038279
1.859375 0.289475363209671 0.289634762259401
1.96875 0.274727414717762 0.274899094866504
2.078125 0.259922624995334 0.260107842494669
2.1875 0.245231789456041 0.245430698013252
2.296875 0.230788220691512 0.231002788620975
2.40625 0.216699335098518 0.216930016742902
2.515625 0.203045683644557 0.203293665265131
2.625 0.189887976859265 0.19015436221491
2.734375 0.177270291126559 0.177555488183174
2.84375 0.165221173365464 0.16552609940222
2.953125 0.15375742028484 0.154083430264567
3.0625 0.142886618377438 0.143235031050874
3.171875 0.132608139270361 0.132980589593396
3.28125 0.122915121393738 0.123313479420462
3.390625 0.113795794524936 0.114222071504276
3.5 0.10523393251535 0.105690841978115
3.609375 0.0972109835006294 0.0977013040199349
3.71875 0.0897060921174821 0.0902327884467198
3.828125 0.0826967574163394 0.083263094365474
3.9375 0.0761594433879193 0.0767690284276046
4.046875 0.0700700397549974 0.0707268487851671
4.15625 0.0644042425187466 0.0651126277074107
4.265625 0.059137857806744 0.0599025449466542
4.375 0.0542470296388684 0.0550731223106487
4.484375 0.0497083892600691 0.0506014084750889
4.59375 0.0454985569623035 0.0464651218291522
4.703125 0.0415958319702938 0.042642758066302
4.8125 0.037979525231262 0.0391136682922188
4.921875 0.0346277697778453 0.0358581126041528
5.03125 0.0315227379419307 0.0328572933858831
5.140625 0.0286435928534744 0.0300933719463131
5.25 0.0259741836912966 0.0275494715957023
5.359375 0.0234976292535794 0.0252096697912106
5.46875 0.0211962382812774 0.0230589815837004
5.578125 0.0190556527880773 0.0210833362525864
5.6875 0.0170613184279481 0.0192695487179349
5.796875 0.0151993037955213 0.0176052870628312
5.90625 0.0134563719898213 0.0160790372788796
6.015625 0.0118199567857146 0.0146800661588556
6.125 0.010278100341534 0.0133983830988702
6.234375 0.00881915318653316 0.0122247014343217
6.34375 0.00743037228666091 0.0111503998162646
6.453125 0.00610336184562373 0.010167484034844
6.5625 0.0048279460114367 0.00926854961175204
6.671875 0.00359057118183053 0.00844674541214975
6.78125 0.00238489620207118 0.0076957384663464
6.890625 0.00119894725011711 0.00700968014115755
7 2.34102787703436E-05 0.00638317375888161
