0 0 0
0.09375 0.0853389692898419 0.0853603463793782
0.1875 0.155401654230441 0.155442959658825
0.28125 0.212240749668648 0.212298638059408
0.375 0.257660335897529 0.257733479546615
0.46875 0.293249368957395 0.293336254502152
0.5625 0.32039944282806 0.320502838911144
0.65625 0.34033768122557 0.340458014960365
0.75 0.354137496933009 0.354274914555761
0.84375 0.362732630627871 0.362892353040053
0.9375 0.366948011950388 0.367130275009499
1.03125 0.367492974305452 0.367703511309695
1.125 0.364991937562334 0.365234025778143
1.21875 0.359984860539131 0.360261811866171
1.3125 0.352941364743926 0.353254582707054
1.40625 0.34426173582562 0.344616383314021
1.5 0.334295979713502 0.334695240222645
1.59375 0.323342631772055 0.323789951885254
1.6875 0.311657389228448 0.312156112343576
1.78125 0.299457996450673 0.300011451026766
1.875 0.286929011919194 0.287540562834241
1.96875 0.274226217520095 0.274899094866504
2.0625 0.261479296374927 0.262217449172323
2.15625 0.248797823505068 0.249604054606318
2.25 0.236270090319785 0.237148255264195
2.34375 0.223968891679126 0.224922857917965
2.4375 0.211952213649569 0.212986376351337
2.53125 0.200266571012936 0.201385006443014
2.625 0.188947658918611 0.19015436221491
2.71875 0.17802134573907 0.179320999810369
2.8125 0.167506620341986 0.168903753455554
2.90625 0.157414818391062 0.158914904850502
3 0.147752333146125 0.149361205103592
3.09375 0.138520741725364 0.140244766236123
3.1875 0.129717876420486 0.13156383741723
3.28125 0.121337738086336 0.123313479420462
3.375 0.113372594323844 0.115486149301873
3.46875 0.105811800466626 0.108072205966771
3.5625 0.0986431349387778 0.101060346102103
3.65625 0.0918538008095533 0.0944379788887912
3.75 0.0854281834924729 0.0881915469600341
3.84375 0.0793524825316768 0.0823068002255761
3.9375 0.0736094682849879 0.0767690284276046
4.03125 0.0681843962119902 0.0715632576215651
4.125 0.063059921134742 0.0666744151761842
4.21875 0.0582200972298901 0.062087467353617
4.3125 0.0536490587599007 0.0577875330559198
4.40625 0.0493296910991682 0.053759976901789
4.5 0.0452462767637161 0.0499904844220904
4.59375 0.0413833061771648 0.0464651218291522
4.6875 0.0377252329072152 0.0431703825186007
4.78125 0.0342567772233393 0.0400932221996839
4.875 0.0309630458317078 0.0372210843169423
4.96875 0.0278292685222569 0.0345419172195369
5.0625 0.0248412489300182 0.0320441843516466
5.15625 0.0219850480964054 0.0297168685755193
5.25 0.0192470278600774 0.0275494715957023
5.34375 0.0166137769819747 0.0255320093266181
5.4375 0.0140709401143513 0.0236550039341539
5.53125 0.0116060143639215 0.0219094731836453
5.625 0.00920707188457814 0.0202869176400885
5.71875 0.00685960665156405 0.0187793061902934
5.8125 0.00455101978140562 0.0173790602898197
5.90625 0.00227037635485767 0.0160790372788796
6 2.55128705444743E-07 0.0148725130599982
