0 0 0
0.015625 0.0153792602327492 0.0153827568282095
0.03125 0.030259191594234 0.0302885385773858
0.046875 0.0446308313945239 0.0447284374673057
0.0625 0.0584852612383074 0.0587133164258422
0.078125 0.0718143073236592 0.072253813532516
0.09375 0.0846113569543901 0.0853603463793782
0.109375 0.0968695059874687 0.0980431163507196
0.125 0.108582604553914 0.110312112823074
0.140625 0.119745907005046 0.122177117286962
0.15625 0.130354286313597 0.133647707391785
0.171875 0.140404414102196 0.144733260915269
0.1875 0.149894466742431 0.155442959658825
0.203125 0.158819138747862 0.165785793270163
0.21875 0.167178016240519 0.175770562994482
0.234375 0.174971441622204 0.185405885355538
0.25 0.182196204490524 0.194700195767851
0.265625 0.188853941547902 0.203661752081312
0.28125 0.194945607243145 0.212298638059408
0.296875 0.200472941030308 0.220618766792288
0.3125 0.205438188905917 0.228629884045826
0.328125 0.209844329182738 0.236339571547879
0.34375 0.213696456442689 0.243755250212856
0.359375 0.21699600352523 0.250884183305733
0.375 0.219749255538109 0.257733479546615
0.390625 0.22196172868808 0.264310096156925
0.40625 0.223639538196811 0.270620841848292
0.421875 0.224789381888292 0.276672379755165
0.4375 0.225418519731631 0.282471230312203
0.453125 0.225534920909893 0.28802377407743
0.46875 0.225146985622136 0.293336254502152
0.484375 0.224263507962254 0.29841478064861
0.5 0.222894206179647 0.303265329856317
0.515625 0.221048833749541 0.307893750358027
0.53125 0.218738101706544 0.312305763846247
0.546875 0.215972744523131 0.316506967991202
0.5625 0.212764305108413 0.320502838911144
0.578125 0.209124676056973 0.324298733595866
0.59375 0.205066040139094 0.327899892284293
0.609375 0.200601112130106 0.331311440796985
0.625 0.195742976884739 0.334538392824369
0.640625 0.190505078478368 0.337585652171535
0.65625 0.184901204392818 0.340458014960365
0.671875 0.178945466129927 0.343160171789804
0.6875 0.172652277402076 0.345696709855022
0.703125 0.166037167595801 0.348072115026233
0.71875 0.159113549038898 0.350290773887914
0.734375 0.151897387459805 0.352356975739138
0.75 0.144404184382714 0.354274914555761
0.765625 0.136649638521367 0.356048690915137
0.78125 0.128649493005269 0.357682313884074
0.796875 0.120419908961961 0.359179702870695
0.8125 0.111976883020978 0.360544689440877
0.828125 0.103336835359688 0.361781019099915
0.84375 0.0945160247908092 0.362892353040053
0.859375 0.0855309571731637 0.363882269854523
0.875 0.0763981722724371 0.364754267218695
0.890625 0.067134139547263 0.365511763538954
0.90625 0.0577554660597054 0.366158099569904
0.921875 0.0482787485374373 0.36669654000047
0.9375 0.0387204374364126 0.367130275009499
0.953125 0.0290970294575345 0.367462421791395
0.96875 0.0194249609559983 0.367696026052368
0.984375 0.00972058244438986 0.367834063477824
1 5.03438560791637E-08 0.367879441171442
