0 0 0
0.140625 0.122145799117638 0.122177117286962
0.28125 0.212245203949405 0.212298638059408
0.421875 0.276606740470439 0.276672379755165
0.5625 0.320429260930745 0.320502838911144
0.703125 0.347998433454427 0.348072115026233
0.84375 0.362817747716973 0.362892353040053
0.984375 0.36776283193039 0.367834063477824
1.125 0.365164228713507 0.365234025778143
1.265625 0.356919878300738 0.356985923237485
1.40625 0.344552163997851 0.344616383314021
1.546875 0.329286297792585 0.329348692703875
1.6875 0.312095568153215 0.312156112343576
1.828125 0.293747287323545 0.293806424500956
1.96875 0.274841390716641 0.274899094866504
2.109375 0.255839607097026 0.255896220613978
2.25 0.237092921953649 0.237148255264195
2.390625 0.218861112852215 0.218915348161246
2.53125 0.201331461264037 0.201385006443014
2.671875 0.18463476730572 0.18468667713124
2.8125 0.168854259762696 0.168903753455554
2.953125 0.154036757267364 0.154083430264567
3.09375 0.140201158436924 0.140244766236123
3.234375 0.127344923728224 0.127385253762007
3.375 0.115448792323445 0.115486149301873
3.515625 0.104482228553509 0.104516776357589
3.65625 0.0944058889824519 0.0944379788887912
3.796875 0.0851745171892549 0.0852048740162918
3.9375 0.0767401071546729 0.0767690284276046
4.078125 0.0690522840204579 0.069080162315165
4.21875 0.0620600772633095 0.062087467353617
4.359375 0.0557130443697518 0.0557406106567852
4.5 0.0499621152089655 0.0499904844220904
4.640625 0.0447601503813417 0.0447897507087785
4.78125 0.0400621928258411 0.0400932221996839
4.921875 0.0358244875995749 0.0358581126041528
5.0625 0.0320080456984479 0.0320441843516466
5.203125 0.028573601006436 0.0286138162145498
5.34375 0.0254873513618091 0.0255320093266181
5.484375 0.0227166409454969 0.022766346596441
5.625 0.0202312462183213 0.0202869176400885
5.765625 0.0180034870825831 0.018066218978145
5.90625 0.0160081988817547 0.0160790372788796
6.046875 0.0142225408889525 0.014302321813295
6.1875 0.0126254267331194 0.0127150509618585
6.328125 0.0111957504846347 0.0112980965285578
6.46875 0.00991921366478069 0.0100340887349247
6.609375 0.00877619999635104 0.00890728405070992
6.75 0.00775515794265918 0.00790343744034043
6.890625 0.0068427523831742 0.00700968014115755
7.03125 0.00602471278524832 0.00621440372063707
7.171875 0.00529205439298194 0.00550715086854902
7.3125 0.00463493793754369 0.00487851315232808
7.453125 0.00404444796912492 0.00432003578812892
7.59375 0.00351257637080031 0.00382412934643998
7.734375 0.00303213346694038 0.00338398821167779
7.875 0.0025955589132323 0.00299351554322203
8.015625 0.00219571048911682 0.00264725443537793
8.15625 0.00182987089178581 0.00234032494123625
8.296875 0.00149321758193904 0.00206836660662271
8.4375 0.00117456231618392 0.00182748615224247
8.578125 0.000877534468126383 0.00161420994224977
8.71875 0.000591154181321048 0.00142544088379243
8.859375 0.000316995626652253 0.00125841941296844
9 4.41453183270565E-05 0.00111068823678012
