0 0 0
0.046875 0.0447176817066176 0.0447284374673057
0.09375 0.0853193233838446 0.0853603463793782
0.140625 0.122081196611188 0.122177117286962
0.1875 0.155254778915435 0.155442959658825
0.234375 0.185078372897643 0.185405885355538
0.28125 0.211775776379791 0.212298638059408
0.328125 0.235557682686799 0.236339571547879
0.375 0.256623096780077 0.257733479546615
0.421875 0.275158237171827 0.276672379755165
0.46875 0.291340682274126 0.293336254502152
0.515625 0.305332540053388 0.307893750358027
0.5625 0.317289999537082 0.320502838911144
0.609375 0.327359151118717 0.331311440796985
0.65625 0.335678059081099 0.340458014960365
0.703125 0.342372476607133 0.348072115026233
0.75 0.347567419207002 0.354274914555761
0.796875 0.35137018963405 0.359179702870695
0.84375 0.353889203373092 0.362892353040053
0.890625 0.355223784166739 0.365511763538954
0.9375 0.355469621480196 0.367130275009499
0.984375 0.354708443110581 0.367834063477824
1.03125 0.353024184414729 0.367703511309695
1.078125 0.350492845569809 0.366813557118897
1.125 0.347185293258105 0.365234025778143
1.171875 0.343168057030597 0.363029939621111
1.21875 0.338502844043339 0.360261811866171
1.265625 0.333247492867239 0.356985923237485
1.3125 0.327455455296902 0.353254582707054
1.359375 0.321178546284677 0.349116373231922
1.40625 0.314459677459009 0.344616383314021
1.453125 0.307343794558555 0.339796425165779
1.5 0.299870804775133 0.334695240222645
1.546875 0.292077611369175 0.329348692703875
1.59375 0.283998394894902 0.323789951885254
1.640625 0.2756654365398 0.318049663711656
1.6875 0.267107074789125 0.312156112343576
1.734375 0.258350779174789 0.306135372199636
1.78125 0.249421093494922 0.300011451026766
1.828125 0.240340501543262 0.293806424500956
1.875 0.231129767000326 0.287540562834241
1.921875 0.221807801500105 0.281232449837789
1.96875 0.212391736134922 0.274899094866504
2.015625 0.202897039150402 0.268556038047432
2.0625 0.193337973526926 0.262217449172323
2.109375 0.183727391042191 0.255896220613978
2.15625 0.174075594016315 0.249604054606318
2.203125 0.164394083358829 0.243351545209553
2.25 0.154690216648867 0.237148255264195
2.296875 0.144972568854168 0.231002788620975
2.34375 0.135248199710826 0.224922857917965
2.390625 0.12552175445962 0.218915348161246
2.4375 0.115798341975315 0.212986376351337
2.484375 0.106081912740138 0.207141347384204
2.53125 0.0963755253956582 0.201385006443014
2.578125 0.0866813868191941 0.195721488084805
2.625 0.077000994181031 0.19015436221491
2.671875 0.0673357432725192 0.18468667713124
2.71875 0.0576856548555092 0.179320999810369
2.765625 0.0480499691346528 0.174059453597785
2.8125 0.0384285830856301 0.168903753455554
2.859375 0.0288194590191234 0.163855238912081
2.90625 0.0192208209854565 0.158914904850502
2.953125 0.00963219166516972 0.154083430264567
3 4.39243685945966E-05 0.149361205103592
