0 0 0
0.078125 0.072236173768715 0.072253813532516
0.15625 0.1336090421862 0.133647707391785
0.234375 0.185345556417894 0.185405885355538
0.3125 0.228543217301587 0.228629884045826
0.390625 0.264190154096042 0.264310096156925
0.46875 0.293176684854145 0.293336254502152
0.546875 0.316296423150416 0.316506967991202
0.625 0.334267970187981 0.334538392824369
0.703125 0.347732326201852 0.348072115026233
0.78125 0.357259409535655 0.357682313884074
0.859375 0.36336433370932 0.363882269854523
0.9375 0.366508395525547 0.367130275009499
1.015625 0.367094498951783 0.367834999066464
1.09375 0.365489387733797 0.366360359449541
1.171875 0.362016501480253 0.363029939621111
1.25 0.356963608897836 0.358130996075238
1.328125 0.350587199556565 0.351918090864628
1.40625 0.343108425391381 0.344616383314021
1.484375 0.334728434882843 0.336424611629657
1.5625 0.32562213700067 0.32751779242359
1.640625 0.31594319904059 0.318049663711656
1.71875 0.305826865475105 0.308154894695516
1.796875 0.295389963996107 0.297951083584363
1.875 0.284735178686656 0.287540562834241
1.953125 0.273951134030543 0.277012029467466
2.03125 0.26311363760735 0.266442016567582
2.109375 0.252288936337994 0.255896220613978
2.1875 0.241532618022803 0.245430698013252
2.265625 0.230890906998596 0.235092942990966
2.34375 0.220403757232352 0.224922857917965
2.421875 0.210103488475439 0.214953626150981
2.5 0.200017902565018 0.205212496559747
2.578125 0.190166645473045 0.195721488084805
2.65625 0.180568104946454 0.186498021914812
2.734375 0.171233633644003 0.177555488183174
2.8125 0.162172280428864 0.168903753455554
2.890625 0.15339004394999 0.160549614706996
2.96875 0.144889617572345 0.152497204965276
3.046875 0.136671464694836 0.144748355321211
3.125 0.128733982425113 0.137302917573148
3.203125 0.121073749088164 0.130159051377865
3.28125 0.113685783041723 0.123313479420462
3.359375 0.106563768698765 0.116761713788327
3.4375 0.0997002525922953 0.110498256436136
3.515625 0.0930868131123981 0.104516776357589
3.59375 0.0867142070259133 0.0988102658327333
3.671875 0.0805723418687676 0.0933711778952633
3.75 0.0746506208531356 0.0881915469600341
3.828125 0.0689382421479882 0.083263094365474
3.90625 0.0634238223432567 0.0785773204169566
3.984375 0.0580956319545479 0.0741255843639984
4.0625 0.0529416344795036 0.0698991736050213
4.140625 0.0479492942092316 0.0658893632871165
4.21875 0.0431054150465524 0.062087467353617
4.296875 0.038398517050175 0.0584848819882887
4.375 0.0338156970572834 0.0550731223106487
4.453125 0.0293424694325682 0.05184385309142
4.53125 0.0249670463403251 0.0487889141796665
4.609375 0.0206764629278152 0.0459003412629852
4.6875 0.0164547439638912 0.0431703825186007
4.765625 0.012291459786849 0.0405915116557244
4.84375 0.00816991466825681 0.0381564377975377
4.921875 0.00407858757960896 0.0358581126041528
5 5.93940075130708E-07 0.0336897349954273
