0 0 0
0.0625 0.0586993532514359 0.0587133164258422
0.125 0.110273588065445 0.110312112823074
0.1875 0.155370407208847 0.155442959658825
0.25 0.194576711048395 0.194700195767851
0.3125 0.228433933646535 0.228629884045826
0.375 0.257439386467093 0.257733479546615
0.4375 0.282052296914556 0.282471230312203
0.5 0.302689141978989 0.303265329856317
0.5625 0.319736581610133 0.320502838911144
0.625 0.333549172085027 0.334538392824369
0.6875 0.344448076927004 0.345696709855022
0.75 0.352734393341328 0.354274914555761
0.8125 0.358673309209106 0.360544689440877
0.875 0.362515744345276 0.364754267218695
0.9375 0.36449112947574 0.367130275009499
1 0.364800752092735 0.367879441171442
1.0625 0.363636312320982 0.367190174613035
1.125 0.361169441933677 0.365234025778143
1.1875 0.357556681933413 0.362167037844383
1.25 0.352940222618413 0.358130996075238
1.3125 0.347451307899734 0.353254582707054
1.375 0.341203081962864 0.347654444231526
1.4375 0.334303426437537 0.341436177449721
1.5 0.326848108985687 0.334695240222645
1.5625 0.318923582985657 0.32751779242359
1.625 0.310607662776063 0.319981472206815
1.6875 0.301970815287801 0.312156112343576
1.75 0.293075150475362 0.304104401038279
1.8125 0.283976909287065 0.2958824913228
1.875 0.27472639314886 0.287540562834241
1.9375 0.265368098805384 0.279123339509066
2 0.255941117505784 0.270670566473225
2.0625 0.246479817195486 0.262217449172323
2.125 0.237015905591052 0.253795057566779
2.1875 0.227575267728988 0.245430698013252
2.25 0.218180034377374 0.237148255264195
2.3125 0.208850819029141 0.228968506841348
2.375 0.199604616247253 0.220909411875326
2.4375 0.190455434013723 0.212986376351337
2.5 0.181414611810749 0.205212496559747
2.5625 0.172491347438428 0.197598782418812
2.625 0.163694102917497 0.19015436221491
2.6875 0.155027392240748 0.182886670192215
2.75 0.146495730937577 0.175801618318446
2.8125 0.138100906222532 0.168903753455554
2.875 0.129844567158318 0.16219640107336
2.9375 0.121725662283868 0.155681796559858
3 0.113742560317941 0.149361205103592
3.0625 0.105892979052365 0.143235031050874
3.125 0.0981737034002673 0.137302917573148
3.1875 0.0905793701092068 0.13156383741723
3.25 0.0831047639227515 0.126016175453097
3.3125 0.0757446283919047 0.120657803680019
3.375 0.0684926044167 0.115486149301873
3.4375 0.0613393344508288 0.110498256436136
3.5 0.0542783326595978 0.105690841978115
3.5625 0.047301630953053 0.101060346102103
3.625 0.0404003845814603 0.0966029778442886
3.6875 0.0335630733416315 0.092314756177978
3.75 0.0267816571114597 0.0881915469600341
3.8125 0.0200461600618223 0.0842290960980506
3.875 0.0133453198659515 0.0804230592605865
3.9375 0.00666681649394743 0.0767690284276046
4 6.68680160894296E-07 0.0732625555549367
