0 0 1
0.01 0.01 0.99995
0.0250654151685118 0.0250635270640823 0.999685868155383
0.0445288414766384 0.0445160919453358 0.999008693062016
0.0673713168622279 0.067324309652709 0.997731204608035
0.0926174917513743 0.0924917509109776 0.995713561669303
0.119492793631572 0.119218450910514 0.992868225024873
0.147439263445626 0.146919057676943 0.989148772574272
0.176076787029738 0.175185584250307 0.98453577030447
0.20515487028984 0.203739934586753 0.979025479609786
0.234511738537475 0.232393262445508 0.972622438527184
0.264044203108344 0.261015857347205 0.965335148401175
0.293686948364858 0.289516364920358 0.957173805530644
0.32339882808641 0.317828005987907 0.948149235612646
0.353153998710792 0.34589965055168 0.938272477536096
0.382936258178556 0.373690121377881 0.927554688534935
0.41273546069806 0.401164594382352 0.916007190138621
0.442545257520957 0.42829234036812 0.903641562107006
0.472361677697119 0.455045316877294 0.890469740509112
0.502182238217015 0.481397295539645 0.87650410194156
0.532005386744106 0.507323325319886 0.861757528674545
0.561830152890006 0.532799405808162 0.846243455290454
0.591655930092376 0.557802291519911 0.829975899568191
0.621482339222546 0.582309377714629 0.812969480834757
0.651309143314451 0.606298636806542 0.795239428734782
0.681136194260136 0.629748586070532 0.776801584847385
0.710963399490495 0.652638274617641 0.757672399034593
0.740790701149197 0.674947282152589 0.737868921928307
0.77061806307578 0.696655724854275 0.717408794579697
0.800445462669857 0.71774426548115 0.696310236002754
0.830272885806145 0.738194125898488 0.674592029128478
0.860100323656327 0.757987100904992 0.652273505531389
0.889927770702699 0.777105572658614 0.629374529180857
0.91975522349669 0.795532525263457 0.60591547939376
0.949582679882946 0.813251559242148 0.581917233112837
0.979410138514367 0.830246905718721 0.557401146599587
1.00923759854902 0.846503440199543 0.532389036606709
1.03906505946068 0.862006695878504 0.506903161079121
1.06889252092049 0.876742876416832 0.48096619942203
1.09871998272288 0.890698868162948 0.45460123236764
1.12854744473938 0.90386225178721 0.427831721467605
1.15837490688971 0.916221313312492 0.400681488235481
1.18820236912368 0.927765054525428 0.373174692961657
1.21802983140992 0.938483202755787 0.345335813222158
1.24785729372883 0.948366220013297 0.317189622102095
1.27768475606816 0.957405311472567 0.288761166154221
1.30751221842026 0.965592433297818 0.26007574311288
1.33733968078033 0.972920299800013 0.231158879383638
1.36716714314539 0.979382389919746 0.20203630732891
1.39699460551356 0.984972953029954 0.172733942369977
1.42682206788368 0.989687014053193 0.143277859925896
1.45664953025502 0.993520377888858 0.113694272209887
1.48647699262711 0.99646963314638 0.0840095049039057
1.51630445499969 0.998532155181045 0.0542499737321841
1.54613191737256 0.999706108429731 0.0244421609546033
1.57595937974561 0.999990448044473 -0.00538740819916692
1.60578684211879 0.999384920822392 -0.0352121891337844
1.63561430449203 0.997890065431167 -0.0650056415095985
1.66544176686532 0.995507211929841 -0.0947412528602362
1.69526922923864 0.992238480585391 -0.124392562185394
1.72509669161197 0.988086779986107 -0.153933183497835
1.75492415398532 0.983055804453468 -0.183336829303646
1.78475161635867 0.977150030754811 -0.212577333994846
1.81457907873203 0.970374714119724 -0.241628677133542
1.84440654110539 0.962735883563693 -0.270465006606903
1.87423400347876 0.954240336523189 -0.299060661632354
1.90406146585212 0.944895632806947 -0.327390195592511
1.93388892822548 0.934710087868828 -0.355428398679542
1.96371639059885 0.923692765408252 -0.383150320328803
1.99354385297221 0.91185346930478 -0.410531291421781
2.02337131534558 0.899202734894034 -0.437546946238592
2.05319877771894 0.885751819592704 -0.464173244140494
2.08302624009231 0.87151269288099 -0.490386490963128
2.11285370246567 0.856498025651401 -0.516163360101437
2.14268116483904 0.840721178933375 -0.54148091326751
2.17250862721241 0.824196192003767 -0.566316620902879
2.20233608958577 0.806937769893774 -0.590648382227102
2.23216355195914 0.788961270303425 -0.61445454490478
2.2619910143325 0.770282689935264 -0.637713924313537
2.29181847670587 0.750918650259413 -0.660405822395776
2.32164593907923 0.73088638272265 -0.682510046077478
2.3514734014526 0.710203713414696 -0.704006925237613
2.38130086382596 0.68888904720533 -0.724877330212205
2.41112832619933 0.666961351366465 -0.745102688817454
2.44095578857269 0.644440138693749 -0.764665002876777
2.47078325094606 0.621345450142718 -0.783546864237054
2.50061071331943 0.597697836994944 -0.801731470259836
2.53043817569279 0.573518342570063 -0.819202638773715
2.56026563806616 0.548828483499931 -0.835944822474564
2.59009310043952 0.523650230581604 -0.851943122760828
2.61992056281289 0.498005989226153 -0.867183302991549
2.64974802518625 0.471918579520724 -0.881651801155334
2.67957548755962 0.445411215921593 -0.89533574193899
2.70940294993298 0.418507486596261 -0.908222948185084
2.73923041230635 0.391231332433006 -0.92030195172823
2.76905787467971 0.363607025736541 -0.931562003600474
2.79888533705308 0.335659148628756 -0.941993083596674
2.82871279942644 0.307412571173751 -0.951585909191378
2.85854026179981 0.278892429246637 -0.960331943799265
2.88836772417318 0.250124102165791 -0.968223404371784
2.91819518654654 0.221133190108472 -0.975253268323252
2.94802264891991 0.191945491329901 -0.981415279780227
2.97785011129327 0.162586979206063 -0.98670395514861
3.00767757366664 0.133083779120675 -0.991114587993509
3.03750503604 0.103462145216881 -0.994643253227541
3.06733249841337 0.0737484370343625 -0.997286810603818
3.09715996078673 0.0439690960526497 -0.999042907510532
3.1269874231601 0.0141506221615193 -0.999909981064649
3.15681488553346 -0.0156804499205953 -0.999887259502825
3.18664234790683 -0.0454975742591899 -0.998974762868346
3.2164698102802 -0.075274217326261 -0.997173302993444
3.24629727265356 -0.104983881611842 -0.994484482777023
3.27612473502693 -0.134600129203492 -0.990910694758437
3.30595219740029 -0.164096605312757 -0.986455118988588
3.33577965977366 -0.193447061727662 -0.981121720200224
3.36560712214702 -0.22262538017037 -0.974915244279985
3.39543458452039 -0.251605595539223 -0.967841214045304
3.42526204689375 -0.280361919014475 -0.959905924329945
3.45508950926712 -0.308868761007164 -0.951116436382536
3.48491697164048 -0.337100753930696 -0.941480571583089
3.51474443401385 -0.365032774774882 -0.931006904483099
3.54457189638722 -0.392639967462332 -0.919704755175409
3.57439935876058 -0.419897764967321 -0.907584181000635
3.60422682113395 -0.446781911177441 -0.894655967597536
3.63405428350731 -0.473268482478573 -0.88093161930528
3.66388174588068 -0.499333909043996 -0.866423348926159
3.69370920825404 -0.52495499580866 -0.851144066857856
3.72353667062741 -0.55010894310998 -0.835107369604941
3.75336413300077 -0.574773366976775 -0.818327527679808
3.78319159537414 -0.598926319048291 -0.800819472903831
3.8130190577475 -0.622546306105596 -0.782598785120039
3.84284652012087 -0.645612309197959 -0.76368167832912
3.87267398249423 -0.668103802347185 -0.744084986261108
3.9025014448676 -0.690000770813282 -0.723826147395584
3.93232890724097 -0.71128372890518 -0.702923189443723
3.96215636961433 -0.731933737320679 -0.681394713305989
3.9919838319877 -0.751932420000174 -0.659259876519772
4.02181129436106 -0.771261980479165 -0.636538376211672
4.05163875673443 -0.789905217725016 -0.613250431569619
4.08146621910779 -0.807845541443843 -0.589416765850417
4.11129368148116 -0.825066986843928 -0.565058587938731
4.14112114385452 -0.841554228842524 -0.540197573473915
4.17094860622789 -0.85729259570339 -0.514855845561489
4.20077606860125 -0.872268082092938 -0.489055955086416
4.23060353097462 -0.886467361543371 -0.462820860645716
4.26043099334798 -0.899877798311708 -0.436173908118249
4.29025845572135 -0.91248745862416 -0.409138809889872
4.32008591809472 -0.924285121295841 -0.381739623752444
4.34991338046808 -0.935260287716362 -0.354000731495455
4.37974084284145 -0.945403191192433 -0.325946817209335
4.40956830521481 -0.954704805639147 -0.297602845319754
4.43939576758818 -0.963156853612215 -0.268994038372441
4.46922322996154 -0.970751813674011 -0.240145854588322
4.49905069233491 -0.977482927086862 -0.211083965208915
4.52887815470827 -0.983344203827634 -0.181834231652168
4.55870561708164 -0.988330427918258 -0.152422682499059
4.588533079455 -0.992437162067454 -0.122875490331434
4.61836054182837 -0.995660751619523 -0.0932189484416977
4.64818800420174 -0.997998327806686 -0.0634794474350863
4.6780154665751 -0.999447810302089 -0.0336834517453338
4.70784292894847 -1.00000790907119 -0.00385747608463982
4.73767039132183 -0.999678125519881 0.0259719381511109
4.7674978536952 -0.998458752938341 0.0557782465008783
4.79732531606856 -0.996350876240192 0.0855349250597288
4.82715277844193 -0.99335637099722 0.11521549408181
4.85698024081529 -0.989477901770509 0.144793541544034
4.88680770318866 -0.984718919739466 0.1742427466495
4.91663516556202 -0.979083659630859 0.20353690324974
4.94646262793539 -0.972577135950595 0.232649943164952
4.97629009030875 -0.965205138521584 0.261555959381455
5.00611755268212 -0.956974227331676 0.290229229105739
5.03594501505549 -0.947891726696238 0.318644236654578
5.06577247742885 -0.937965718740581 0.346775696160852
5.09559993980222 -0.927205036208022 0.374598574074866
5.12542740217558 -0.915619254599993 0.402088111441133
5.15525486454895 -0.903218683655187 0.429219845930821
5.18508232692231 -0.890014358175315 0.45596963361023
5.21490978929568 -0.876018028205659 0.482313670425954
5.24473725166904 -0.861242148579129 0.508228513387582
5.27456471404241 -0.845699867833158 0.533691101429116
5.30439217641577 -0.829405016509279 0.558678775930519
5.33421963878914 -0.812372094845801 0.583169300881144
5.36404710116251 -0.794616259874535 0.607140882667094
5.39387456353587 -0.776153311933056 0.630572189464915
5.42370202590924 -0.756999680604497 0.653442370224346
5.4535294882826 -0.737172410097393 0.675731073223258
5.48335695065597 -0.716689144078582 0.697418464178241
5.51318441302933 -0.695568109972656 0.718485243894755
5.5430118754027 -0.67382810274194 0.73891266544111
5.57283933777606 -0.651488468161434 0.758682550831009
5.60266680014943 -0.628569085603587 0.777777307199804
5.63249426252279 -0.605090350348243 0.796179942460068
5.66232172489616 -0.581073155433481 0.813874080422556
5.69214918726952 -0.556538873063518 0.830843975369094
5.72197664964289 -0.531509335590201 0.847074526064429
5.75180411201626 -0.506006816085029 0.86255128919458
5.78163157438962 -0.480054008518978 0.877260492219708
5.81145903676299 -0.453674007567779 0.891189045630105
5.84128649913635 -0.426890288060619 0.90432455459435
5.87111396150972 -0.399726684090534 0.916655329989313
5.90094142388308 -0.372207367805116 0.928170398802148
5.93076888625645 -0.344356827896373 0.938859513895055
5.96059634862981 -0.316199847808913 0.948713163124097
5.99042381100318 -0.287761483685824 0.957722577803969
6.02025127337654 -0.259067042071878 0.965879740511184
6.05007873574991 -0.230142057393917 0.973177392218723
6.07990619812328 -0.201012269238431 0.979609038755825
6.10973366049664 -0.171703599446581 0.985168956587132
6.13956112287001 -0.142242129047023 0.989852197906078
6.16938858524337 -0.112654075047076 0.993654595037976
6.19921604761674 -0.0829657671028779 0.99657276414888
6.2290435099901 -0.053203624089293 0.998604108256933
6.25887097236347 -0.0233941305904264 0.999746819543513
6.28869843473683 0.00643618666834472 0.999999880962118
6.3185258971102 0.0362607824258424 0.999363067143575
6.34835335948356 0.0660531165070591 0.997836944596742
6.37818082185693 0.0957866774406074 0.995422871204541
6.4080082842303 0.125435006050632 0.992122995015773
6.43783574660366 0.154971719002188 0.987940252333774
6.46766320897703 0.184370532279139 0.982878365103631
6.49749067135039 0.213605284573674 0.976941837600265
6.52731813372376 0.242649960566636 0.970135952420348
6.55714559609712 0.271478714077946 0.9624667657816
6.58697305847049 0.30006589106651 0.953941102133665
6.61680052084385 0.328386052459163 0.944566548085352
6.64662798321722 0.356413996788315 0.934351445653651
6.67645544559058 0.384124782618161 0.923304884840527
6.70628290796395 0.411493750739508 0.911436695544094
6.73611037033731 0.438496546113449 0.898757438811384
6.76593783271068 0.465109139544374 0.885278397440472
6.79576529508405 0.491307849063029 0.871011565940334
6.82559275745741 0.51706936100058 0.855969639857373
6.85542021983078 0.54237075073495 0.840166004478096
6.88524768220414 0.567189503090952 0.823614722918024
6.91507514457751 0.591503532376072 0.806330523607395
6.94490260695087 0.615291202034064 0.788328787184836
6.97473006932424 0.638531343898882 0.769625532810636
7.0045575316976 0.661203277031802 0.750237403911817
7.03438499407097 0.683286826124976 0.730181653371681
7.06421245644433 0.704762339455042 0.709476128177016
7.0940399188177 0.725610706370813 0.688139253536615
7.12386738119107 0.745813374299482 0.666190016485256
7.15369484356443 0.765352365256213 0.643647948987715
7.1835223059378 0.784210291842415 0.620533110557857
7.21334976831116 0.802370372718485 0.596866070408277
7.24317723068453 0.819816447537221 0.572667889146364
7.27300469305789 0.836532991324648 0.547960100033077
7.30283215543126 0.852505128295429 0.522764689821126
7.33265961780462 0.867718645090594 0.497104079189587
7.36248708017799 0.882160003425786 0.471001102792382
7.39231454255135 0.895816352138784 0.444478988938357
7.42214200492472 0.908675538625568 0.417561338921065
7.45196946729808 0.920726119654764 0.390272106016631
7.48179692967145 0.931957371550834 0.362635574168383
7.51162439204482 0.94235929973695 0.334676336377242
7.54145185441818 0.95192264762907 0.306419272817071
7.57127931679155 0.960638904873289 0.277889528694483
7.60110677916491 0.968500314919143 0.249112491872785
7.63093424153828 0.975499881922116 0.220113770279998
7.66076170391164 0.981631376969228 0.190919169121034
7.69058916628501 0.986889343622138 0.161554667914316
7.72041662865837 0.991269102772848 0.13204639737328
7.75024409103174 0.99476675680768 0.102420616153326
7.7800715534051 0.997379193075824 0.0727036874849103
7.80989901577847 0.999104086659359 0.0429220557135795
7.83972647815184 0.999939902442302 0.0131022227678112
7.8695539405252 0.999885896476821 -0.0167292754243877
7.89938140289857 0.998942116645419 -0.0465458925491433
7.92920886527193 0.997109402618473 -0.0763210955296245
7.9590363276453 0.994389385107194 -0.106028388137178
7.98886379001866 0.990784484412655 -0.135641334569676
8.01869125239203 0.986297908272176 -0.165133582976102
8.04851871476539 0.980933649004996 -0.194478888906424
8.07834617713876 0.974696479959763 -0.223651138665915
8.10817363951212 0.967591951267 -0.252624372553105
8.13800110188549 0.959626384900337 -0.281372807960717
8.16782856425885 0.950806869050892 -0.309870862319006
8.19765602663222 0.941141251819819 -0.338093175861101
8.22748348900559 0.930638134234622 -0.366014634190079
8.25731095137895 0.919306862595468 -0.393610390627697
8.28713841375232 0.907157520158283 -0.420855888324896
8.31696587612568 0.894200918162066 -0.447726882114392
8.34679333849905 0.880448586208369 -0.474199460085914
8.37662080087241 0.865912762001536 -0.500250064864893
8.40644826324578 0.85060638045881 -0.525855514575659
8.43627572561914 0.834543062200004 -0.550993023470495
8.46610318799251 0.817737101426986 -0.575640222206194
8.49593065036587 0.800203453203751 -0.599775177750068
8.52575811273924 0.781957720148408 -0.623376412897699
8.55558557511261 0.763016138548926 -0.646422925385069
8.58541303748597 0.743395563914981 -0.668894206578048
8.61524049985934 0.723113455978781 -0.690770259722621
8.6450679622327 0.702187863158192 -0.712031617739612
8.67489542460607 0.68063740649602 -0.732659360548058
8.70472288697943 0.65848126308971 -0.752635131901839
8.7345503493528 0.635739149026234 -0.771941155724554
8.76437781172616 0.61243130183733 -0.790560251928133
8.79420527409953 0.588578462490733 -0.808475851701091
8.82403273647289 0.564201856933389 -0.825672012252827
8.85386019884626 0.539323177203108 -0.842133431000847
8.88368766121962 0.513964562125447 -0.857845459188278
8.91351512359299 0.488148577612996 -0.872794114919569
8.94334258596636 0.461898196584619 -0.886966095602768
8.97317004833972 0.435236778522494 -0.9003487897873
9.00299751071309 0.408188048685164 -0.912930288386734
9.03282497308645 0.380776076995086 -0.924699395276515
9.06265243545982 0.353025256619467 -0.935645637257263
9.09247989783318 0.324960282263446 -0.945759273374765
9.12230736020655 0.296606128194947 -0.955031303588345
9.15213482257991 0.267988026020745 -0.963453476779935
9.18196228495328 0.239131442233534 -0.971018298096683
9.21178974732664 0.210062055549966 -0.977719035620591
9.24161720970001 0.180805734059835 -0.983549726359235
9.27144467207338 0.151388512206737 -0.988505181552235
9.30127213444674 0.121836567620696 -0.992580991288761
9.33109959682011 0.0921761978233595 -0.995773528431954
9.36092705919347 0.0624337968265064 -0.998079951846787
9.39075452156684 0.0326358316446848 -0.99949820892847
9.4205819839402 0.00280881874288085 -1.00002703742917
9.45040944631357 -0.0270206995598208 -0.999665966581428
9.48023690868693 -0.0568261787095888 -0.998415317517198
9.5100643710603 -0.0865810955391896 -0.996276202982282
9.53989183343366 -0.116258971870306 -0.993250526346258
9.56971929580703 -0.145833398075825 -0.989340979908875
9.5995467581804 -0.175278056581129 -0.984551042504407
9.62937422055376 -0.204566745283475 -0.97888497640607
9.65920168292713 -0.233673400868626 -0.972347823533293
9.68902914530049 -0.262572122003979 -0.964945400965186
9.71885660767386 -0.291237192387556 -0.95668429576422
9.74868407004722 -0.319643103632343 -0.947571859114718
9.77851153242059 -0.347764577965622 -0.937616199781363
9.80833899479395 -0.375576590723079 -0.926826176893559
9.83816645716732 -0.40305439261769 -0.915211392062061
9.86799391954068 -0.430173531763558 -0.902782180834883
9.89782138191405 -0.4569098754351 -0.889549603500091
9.92764884428741 -0.483239631542232 -0.875525435243673
9.95747630666078 -0.50913936980243 -0.860722155671228
9.98730376903415 -0.534586042590835 -0.845152937702814
