2 -0.123322176579539
2.0625 -0.123322176579539
2.125 -0.181773630471516
2.1875 -0.181773630471516
2.25 -0.230281981614985
2.3125 -0.270747362924367
2.375 -0.270747362924367
2.4375 -0.304658034837447
2.5 -0.333190860630538
2.5625 -0.333190860630538
2.625 -0.357284608312962
2.6875 -0.357284608312962
2.75 -0.377694110014487
2.8125 -0.395030746436817
2.875 -0.395030746436817
2.9375 -0.409793035782622
3 -0.422389976502082
3.0625 -0.422389976502082
3.125 -0.43315902523256
3.1875 -0.43315902523256
3.25 -0.442380062094512
3.3125 -0.450286326067208
3.375 -0.450286326067208
3.4375 -0.457073042137959
3.5 -0.462904275399035
3.5625 -0.462904275399035
3.625 -0.467918412577145
3.6875 -0.467918412577145
3.75 -0.472232573254504
3.8125 -0.475946180738834
3.875 -0.475946180738834
3.9375 -0.479143868852496
4 -0.481897860717702
4.0625 -0.481897860717702
4.125 -0.484269925288386
4.1875 -0.484269925288386
4.25 -0.486312994328682
4.3125 -0.488072504897021
4.375 -0.488072504897021
4.4375 -0.489587518803962
4.5 -0.490891659977099
4.5625 -0.490891659977099
4.625 -0.492013902452889
4.6875 -0.492013902452889
4.75 -0.492979235275583
4.8125 -0.493809225509645
4.875 -0.493809225509645
4.9375 -0.494522496554041
5 -0.495135135750404
5.0625 -0.495135135750404
5.125 -0.495661042724623
5.1875 -0.495661042724623
5.25 -0.496112227852883
5.3125 -0.496499068594486
5.375 -0.496499068594486
5.4375 -0.49683053010096
5.5 -0.497114355430423
5.5625 -0.497114355430423
5.625 -0.497357229814906
5.6875 -0.497357229814906
5.75 -0.497564922710773
5.8125 -0.497742410771334
5.875 -0.497742410771334
5.9375 -0.497893984395733
6 -0.498023340106847
6.0625 -0.498023340106847
6.125 -0.498133660677515
6.1875 -0.498133660677515
6.25 -0.498227684646212
6.3125 -0.498307766631224
6.375 -0.498307766631224
6.4375 -0.498375929655868
6.5 -0.498433910531745
6.5625 -0.498433910531745
6.625 -0.498483199206361
6.6875 -0.498483199206361
6.75 -0.498525072861465
6.8125 -0.498560625444795
6.875 -0.498560625444795
6.9375 -0.498590793230527
7 -0.498616376925684
7.0625 -0.498616376925684
7.125 -0.498638060774683
7.1875 -0.498638060774683
7.25 -0.498656429055559
7.3125 -0.498671980312257
7.375 -0.498671980312257
7.4375 -0.498685139622087
7.5 -0.498696269160459
7.5625 -0.498696269160459
7.625 -0.498705677290817
7.6875 -0.498705677290817
7.75 -0.498713626378534
7.8125 -0.498720339501314
7.875 -0.498720339501314
7.9375 -0.49872600620737
8 -0.498730787451351
8.0625 -0.498730787451351
8.125 -0.498734819822236
8.1875 -0.498734819822236
8.25 -0.498738219161058
8.3125 -0.498741083654327
8.375 -0.498741083654327
8.4375 -0.498743496476547
8.5 -0.498745528046106
8.5625 -0.498745528046106
8.625 -0.498747237948916
8.6875 -0.498747237948916
8.75 -0.498748676578264
8.8125 -0.498749886531008
8.875 -0.498749886531008
8.9375 -0.498750903795756
9 -0.498751758763406
9.0625 -0.498751758763406
9.125 -0.498752477085593
9.1875 -0.498752477085593
9.25 -0.498753080403922
9.3125 -0.498753586968695
9.375 -0.498753586968695
9.4375 -0.498754012163697
9.5 -0.498754368950953
9.5625 -0.498754368950953
9.625 -0.498754668247594
9.6875 -0.498754668247594
9.75 -0.498754919244668
9.8125 -0.49875512967721
9.875 -0.49875512967721
9.9375 -0.498755306052433
10 -0.498755453842507
10.0625 -0.498755453842507
10.125 -0.498755577647674
10.1875 -0.498755577647674
10.25 -0.498755681333884
10.3125 -0.498755768148724
10.375 -0.498755768148724
10.4375 -0.498755840819693
10.5 -0.498755901636381
10.5625 -0.498755901636381
10.625 -0.498755952520668
10.6875 -0.498755952520668
10.75 -0.498755995084882
10.8125 -0.498756030681471
10.875 -0.498756030681471
10.9375 -0.498756060444417
11 -0.498756085324446
11.0625 -0.498756085324446
11.125 -0.498756106118277
11.1875 -0.498756106118277
11.25 -0.498756123493395
11.3125 -0.498756138008954
11.375 -0.498756138008954
11.4375 -0.498756150133186
11.5 -0.498756160258061
11.5625 -0.498756160258061
11.625 -0.498756168711699
11.6875 -0.498756168711699
11.75 -0.498756175768654
11.8125 -0.498756181658571
11.875 -0.498756181658571
11.9375 -0.498756186573571
